Epoch	EpRet	EpLen	EpCostRet	EpCost	EpMaxCost	CumulativeCost	CostRate	VVals	TotalEnvInteracts	LossPi	LossV	LossCost	DeltaLossPi	DeltaLossV	DeltaLossCost	Entropy	KL	Time
0	0.18516332	879.8485	3.3691016e-05	0.54545456	0.15151516	18.0	0.0006	-0.06505941	30000	-1.3224284e-08	0.16736417	1.0259224e-06	-0.0011307031	-0.07811105	-0.0491282	0.91893816	0.012017308	119.87560176849365
1	0.015575983	928.03125	1.2943926e-20	0.6875	0.15625	40.0	0.0006666666666666666	-0.0032348032	60000	-1.0172526e-08	0.06374161	5.9604645e-08	-0.0011323884	-0.016636856	-0.034004927	0.9175285	0.010422372	239.2798273563385
2	0.39220995	935.125	0.0054586544	1.03125	0.1875	73.0	0.0008111111111111111	0.021774571	90000	1.1698405e-08	0.05646682	0.0	-0.006912886	-0.01130937	-0.150689	0.9171771	0.012497859	366.10281133651733
3	0.61404365	869.5	0.0	0.5882353	0.11764706	97.0	0.0008083333333333333	0.044236742	120000	-1.6784668e-08	0.0860224	2.594555e-07	-0.00048581033	-0.01409927	-0.79625875	0.9182771	0.018945126	501.3179349899292
4	0.7960938	777.4211	1.1955218e-15	1.5526316	0.21052632	160.0	0.0010666666666666667	0.11027617	150000	-6.612142e-09	0.094557256	1.7567685e-07	-0.004578229	-0.013820261	-0.003366734	0.91809255	0.019416085	638.4728264808655
5	0.67371863	864.9706	0.00018904466	2.735294	0.3529412	253.0	0.0014055555555555555	0.059954125	180000	-6.103516e-09	0.110586785	-2.8049246e-07	-0.0025259624	-0.016202226	-0.010789647	0.9178412	0.0010161294	786.6294569969177
6	1.0266124	784.0541	1.5024485e-35	2.0	0.2972973	327.0	0.0015571428571428572	0.13585648	210000	2.5431315e-09	0.1039583	0.0	-0.0027650534	-0.009672575	-0.22164164	0.91830313	0.012486341	972.6200866699219
7	1.3155941	653.8444	2.3291128e-11	0.95555556	0.2	373.0	0.0015541666666666666	0.1298407	240000	-6.103516e-09	0.09020004	3.390842e-07	-0.0044498616	-0.03420089	-0.015705025	0.9168701	0.007667309	1169.4554936885834
8	1.4638095	645.73334	1.8777555e-12	1.6666666	0.24444444	448.0	0.0016592592592592592	0.19134627	270000	7.1207684e-09	0.077158235	4.2385526e-08	-0.004042502	-0.027662873	-0.009076226	0.9170942	0.0061975326	1366.4582314491272
9	1.2015522	630.8936	0.011965461	0.82978725	0.17021276	487.0	0.0016233333333333334	0.2425408	300000	3.051758e-09	0.0686737	4.8698263e-07	-0.0054413667	-0.02938161	-0.042448085	0.9160443	0.010467888	1569.019341468811
10	1.6089215	681.7273	2.7290537e-07	1.5	0.22727273	553.0	0.0016757575757575757	0.19597828	330000	0.0	0.067025006	0.0	-0.011582855	-0.02252112	-0.18947351	0.9156181	0.01900003	1775.1808004379272
11	1.6611242	622.1458	1.9217813e-08	2.0416667	0.29166666	651.0	0.0018083333333333332	0.2520358	360000	-6.612142e-09	0.059916485	-1.9868216e-07	-0.0066623096	-0.019965861	-0.282408	0.9167733	0.011556313	1990.5229034423828
12	1.5527029	592.16327	8.074097e-10	0.81632656	0.1632653	691.0	0.001771794871794872	0.22376339	390000	2.5431315e-09	0.04730214	-7.3958415e-07	-0.006462929	-0.015568636	-0.14929856	0.9186793	0.015438947	2206.4391713142395
13	1.5320853	550.6604	8.0434364e-07	0.754717	0.13207547	731.0	0.0017404761904761905	0.21848913	420000	4.83195e-09	0.051612988	-3.238894e-07	-0.0030670958	-0.016343106	-0.07881291	0.9159525	0.0094322525	2434.3139951229095
14	1.6182674	528.0182	4.8091e-08	0.7090909	0.14545454	770.0	0.0017111111111111112	0.28850767	450000	9.155274e-09	0.046675652	-1.3004649e-07	-0.0077642538	-0.0071991384	-0.06420948	0.9167107	0.017527318	2648.009856700897
15	1.9746199	439.50748	0.022360027	0.25373134	0.05970149	787.0	0.0016395833333333334	0.3394477	480000	1.0172526e-09	0.039066695	-2.846789e-07	-0.006048515	-0.009870991	-0.12290528	0.9159443	0.013292015	2879.690539598465
16	1.7335865	482.6129	9.844196e-38	0.38709676	0.11290322	811.0	0.0015901960784313726	0.27630836	510000	2.0345052e-09	0.0500013	0.0	-0.007383514	-0.019623103	-0.13068894	0.9141057	0.010635714	3111.450620651245
17	2.1842904	415.21127	1.125e-42	1.3802817	0.15492958	909.0	0.0016833333333333333	0.4704175	540000	-4.0690105e-09	0.043667525	3.2236878e-07	-0.0057033133	-0.018168809	-0.09778509	0.9136106	0.008308747	3351.067939519882
18	2.1353788	426.2143	1.9425615e-17	0.6	0.071428575	951.0	0.001668421052631579	0.41255045	570000	-1.1189779e-08	0.030001562	1.2261528e-07	-0.008563002	-0.009203542	-0.16105406	0.91377956	0.011531813	3583.2153737545013
19	2.3133948	361.24097	2.061e-41	0.22891566	0.060240965	970.0	0.0016166666666666666	0.51079303	600000	-9.155274e-09	0.04604013	-2.4129108e-07	-0.0044339127	-0.019655818	-0.19822188	0.9113033	0.013787027	3826.8147683143616
20	1.628069	381.47437	0.002619788	0.53846157	0.08974359	1012.0	0.0016063492063492064	0.44796845	630000	4.0690105e-09	0.07680706	2.2007869e-07	-0.009885023	-0.039375417	-0.018442472	0.9091755	0.0053548855	4068.727387905121
21	1.8980701	393.9079	2.1118913e-34	0.23684211	0.05263158	1030.0	0.0015606060606060605	0.34006816	660000	7.629395e-09	0.04445051	5.0193385e-08	-0.010864792	-0.017259235	-0.08216472	0.90946	0.013512807	4300.461970329285
22	2.3023868	322.3656	0.018137949	0.58064514	0.09677419	1084.0	0.0015710144927536232	0.5239382	690000	-3.5603842e-09	0.047960766	3.8967337e-07	-0.009778074	-0.02743615	-0.2016231	0.90937734	0.01910892	4550.162583112717
23	2.3856647	272.32727	4.296002e-12	0.21818182	0.06363636	1108.0	0.001538888888888889	0.65324664	720000	6.103516e-09	0.033469867	-2.8610228e-07	-0.009739723	-0.014443336	-0.15009993	0.90574586	0.011014357	4813.094131946564
24	2.632473	311.91666	3.1030783e-08	0.7395833	0.09375	1180.0	0.0015733333333333333	0.66325927	750000	-4.0690105e-09	0.03865372	-1.5894572e-07	-0.0047361683	-0.0156200975	-0.16248973	0.9007108	0.015783655	5053.621882200241
25	2.4565847	267.55045	2.939605e-10	0.17431192	0.08256881	1199.0	0.0015371794871794871	0.7305868	780000	-5.086263e-10	0.047300078	8.749305e-09	-0.006462418	-0.022249142	-0.16207945	0.89330107	0.011203793	5306.857687473297
26	2.4580355	236.5	0.0150867645	0.45238096	0.11111111	1256.0	0.0015506172839506174	0.77853405	810000	1.1444092e-08	0.034136962	0.0	-0.0048864475	-0.0153832715	-0.12632164	0.88900936	0.016791753	5578.170589923859
27	2.5625403	251.05042	2.2346929e-05	0.30252102	0.084033616	1292.0	0.0015380952380952381	0.8085896	840000	3.051758e-09	0.024252348	5.6098493e-08	-0.009543825	-0.0074219387	-0.17318156	0.8860704	0.015720915	5828.97317647934
28	2.4619772	219.55147	8.234247e-15	0.13970588	0.066176474	1311.0	0.001506896551724138	0.84659296	870000	7.629395e-10	0.03562818	-1.1219698e-07	-0.0032931655	-0.017821759	-0.16106947	0.8825391	0.01631449	6090.791697740555
29	2.3664446	254.5431	6.744531e-13	0.43103448	0.060344826	1361.0	0.0015122222222222223	0.7075671	900000	-4.0690105e-09	0.040307418	3.9462384e-07	-0.011899205	-0.019597733	-0.1309224	0.87735236	0.012976922	6348.5500457286835
30	2.5529492	221.1037	0.004313239	0.37037036	0.05185185	1411.0	0.0015172043010752687	0.80622864	930000	-8.138021e-09	0.028349133	0.0	-0.013869223	-0.00925063	-0.22128573	0.8702901	0.015815929	6608.581876277924
31	2.4516664	252.05042	3.022331e-26	0.23529412	0.042016808	1439.0	0.0014989583333333333	0.7115744	960000	1.0172526e-08	0.047127362	2.5645025e-07	-0.012933065	-0.01979245	-0.15567459	0.86652046	0.013355454	6865.623190879822
32	2.4805915	193.20529	4.885771e-29	0.14569536	0.059602648	1461.0	0.0014757575757575758	0.8453188	990000	6.612142e-09	0.044726502	9.473586e-08	-0.007923369	-0.018826894	-0.14790045	0.862793	0.009839648	7141.893358945847
33	2.6476421	228.33588	8.5666424e-17	0.129771	0.07633588	1478.0	0.0014490196078431373	0.8149801	1020000	5.086263e-09	0.049819775	-5.823965e-07	-0.016892416	-0.024216317	-0.31257063	0.86114347	0.017590467	7403.468003749847
34	2.474294	166.40555	1.2088696e-12	0.23333333	0.044444446	1520.0	0.0014476190476190476	0.9568328	1050000	-4.0690105e-09	0.043704417	-3.0199686e-07	-0.007678813	-0.025120223	-0.17600004	0.8604119	0.011432459	7704.250878334045
35	2.5542915	162.88043	8.1888354e-20	0.19021739	0.054347824	1555.0	0.0014398148148148148	1.0499958	1080000	-5.086263e-10	0.020751692	1.8658845e-07	-0.012373677	-0.009066497	-0.13755658	0.8547116	0.01788306	8005.1153264045715
36	2.6255956	177.43787	5.238127e-17	0.0591716	0.02366864	1565.0	0.00140990990990991	0.98627716	1110000	2.0345052e-09	0.032760143	1.3543304e-07	-0.007961026	-0.016190374	-0.1470304	0.8504445	0.015962387	8303.159516572952
37	2.6232111	167.11363	0.0	0.045454547	0.017045455	1573.0	0.0013798245614035087	1.0642025	1140000	-3.5603842e-09	0.049453557	-1.300465e-07	-0.0060074343	-0.02102479	-0.15934333	0.8444932	0.011798517	8595.27221417427
38	2.470361	147.41089	1.6942303e-11	0.10891089	0.02970297	1595.0	0.0013632478632478633	1.0719441	1170000	2.0345052e-09	0.028179906	1.5107712e-07	0.0010233318	-0.0118330065	-0.17722592	0.84020555	0.01987659	8892.498869657516
39	2.4553757	186.85625	0.0	0.05625	0.03125	1604.0	0.0013366666666666666	0.9807119	1200000	-5.086263e-09	0.11774921	1.6987325e-07	-0.013602497	-0.07531236	-0.23397884	0.8380392	0.012785412	9166.561091899872
40	2.5388966	148.20297	0.0	0.04950495	0.014851485	1614.0	0.0013121951219512195	1.0802144	1230000	5.5948894e-09	0.035978496	1.5107712e-07	-0.0031706197	-0.017278604	-0.1767095	0.8323055	0.010700078	9475.771704673767
41	2.3532434	162.84239	0.0	0.07065217	0.016304348	1627.0	0.0012912698412698412	1.0023217	1260000	-8.138021e-09	0.11110988	2.487846e-07	-0.00155696	-0.07860102	-0.1534071	0.82482547	0.017657056	9758.899503946304
42	2.4010923	174.50293	7.2458985e-33	0.25730994	0.05263158	1671.0	0.0012953488372093023	0.8843323	1290000	-3.051758e-09	0.08794212	0.0	-0.012783117	-0.037841767	-0.17000562	0.8191004	0.01308384	10042.901634693146
43	2.3901286	190.75797	0.0	0.14012739	0.05732484	1693.0	0.0012825757575757575	0.78414565	1320000	6.103516e-09	0.08250292	-2.672718e-07	-0.015798483	-0.036973067	-0.18073146	0.82032853	0.00813868	10325.51663517952
44	2.6105914	151.17172	8.8574916e-13	0.14646465	0.055555556	1722.0	0.0012755555555555556	1.0664353	1350000	5.5948894e-09	0.051546756	3.8532295e-07	-0.0034964208	-0.0305282	-0.25578284	0.8169141	0.020363925	10623.226326942444
45	2.5553906	153.73846	3.446778e-05	0.17435898	0.056410257	1756.0	0.001272463768115942	1.0728822	1380000	-6.103516e-09	0.035944603	-1.4671913e-07	-0.003758244	-0.016736278	-0.22640234	0.81492996	0.018746596	10919.497198581696
46	2.4258206	159.54256	1.982218e-06	0.12765957	0.021276595	1780.0	0.0012624113475177305	0.9560267	1410000	5.086263e-09	0.05884491	-4.0581885e-08	-0.009677197	-0.027963545	-0.09375051	0.8112952	0.009909428	11215.037991285324
47	2.5637484	142.10477	1.044542e-13	0.07619048	0.023809524	1796.0	0.0012472222222222223	1.116808	1440000	1.2715657e-09	0.028531956	2.724784e-07	-0.0077060577	-0.010342684	-0.1523055	0.81019396	0.011655464	11516.772759437561
48	2.5687695	133.7991	5.61998e-36	0.04910714	0.02232143	1807.0	0.001229251700680272	1.1362113	1470000	-3.5603842e-09	0.027064815	1.532691e-07	-0.0032900174	-0.01074872	-0.1849004	0.8069871	0.011403216	11825.67127275467
49	2.5752707	148.11443	0.0	0.039800994	0.019900497	1815.0	0.00121	1.1125556	1500000	-4.0690105e-09	0.03146292	-5.693578e-08	0.0002941274	-0.010944596	-0.16538982	0.80482703	0.014531702	12121.242919921875
50	2.5083082	160.54839	0.0	0.016129032	0.005376344	1818.0	0.001188235294117647	1.062137	1530000	-1.4241537e-08	0.09642712	0.0	-0.010091502	-0.05000169	-0.10336404	0.8023554	0.01388568	12414.00107884407
51	2.5123792	144.0577	2.6863512e-26	0.08173077	0.01923077	1835.0	0.0011762820512820514	1.0520909	1560000	-7.883708e-09	0.056886215	5.04347e-08	-0.0047075907	-0.022443995	-0.11156649	0.80196196	0.016907506	12725.614853858948
52	2.5364702	168.86441	1.28937625e-08	0.118644066	0.050847456	1856.0	0.0011672955974842767	0.9715543	1590000	5.086263e-09	0.06655941	-1.724157e-07	-0.007667082	-0.032995943	-0.17942467	0.8010944	0.016779298	13022.595428466797
53	2.492385	161.77777	5.5656125e-28	0.094444446	0.022222223	1873.0	0.001156172839506173	0.93289024	1620000	-1.525879e-09	0.061274555	4.2385526e-08	-0.010850291	-0.026052915	-0.17056176	0.7971182	0.011307952	13323.755204200745
54	2.4668822	132.4115	8.5e-44	0.07964602	0.03539823	1891.0	0.001146060606060606	1.0800833	1650000	4.577637e-09	0.038344685	1.6879191e-08	-0.00065981445	-0.014478393	-0.1700404	0.7863324	0.020088801	13656.788278102875
55	2.3994465	177.46745	1.2606744e-19	0.19526628	0.02366864	1924.0	0.0011452380952380952	0.90202326	1680000	1.0172526e-09	0.12737405	-4.5144347e-08	-0.011719099	-0.061316334	-0.20859264	0.7829306	0.016523108	13955.379809856415
56	2.6177065	164.61539	3.0934734e-11	0.016483517	0.010989011	1927.0	0.0011269005847953217	0.96792084	1710000	5.086263e-10	0.077002116	2.5151851e-07	-0.010105984	-0.03280257	-0.15686247	0.7792896	0.01139144	14254.6982152462
57	2.5793407	134.62163	3.5858814e-35	0.022522522	0.013513514	1932.0	0.001110344827586207	1.1158675	1740000	-5.086263e-09	0.039660912	-6.8733286e-08	-0.008227374	-0.025024857	-0.19015148	0.78003854	0.012009491	14579.341636896133
58	2.4676416	132.42477	9.0825755e-17	0.022123894	0.017699115	1937.0	0.0010943502824858756	1.084252	1770000	-7.1207684e-09	0.04799849	-3.882214e-07	-0.008678898	-0.018920703	-0.24873391	0.7785794	0.012384046	14902.977703094482
59	2.662075	137.73732	0.0017793273	0.03686636	0.01843318	1945.0	0.0010805555555555555	1.1608628	1800000	-1.2207032e-08	0.03350877	-1.054755e-07	-0.0037523773	-0.016008003	-0.15507554	0.778596	0.013244716	15223.31257724762
60	2.5494943	129.33333	7.40259e-21	0.056277055	0.008658009	1958.0	0.001069945355191257	1.1574352	1830000	6.103516e-09	0.032952506	-9.9083046e-08	-0.0024963552	-0.016903937	-0.21757528	0.77559245	0.0141455205	15546.57625579834
61	2.3106308	151.51515	1.959423e-39	0.045454547	0.02020202	1967.0	0.0010575268817204302	1.0659263	1860000	-1.8310548e-08	0.37034702	1.6857879e-08	0.00055471447	-0.28577846	-0.17000924	0.77449256	0.015908834	15848.329453468323
62	2.5377693	159.5266	7.444359e-32	0.05319149	0.026595745	1977.0	0.001046031746031746	0.9656332	1890000	4.0690105e-09	0.12281007	-4.0581885e-08	-0.009964585	-0.056173563	-0.24972135	0.77434564	0.015910255	16138.583635807037
63	2.439324	135.55656	4.0685082e-26	0.022624435	0.013574661	1982.0	0.0010322916666666666	1.0106567	1920000	-2.0345052e-09	0.09055058	4.6604902e-07	-0.0045033074	-0.034225147	-0.23925367	0.7769003	0.018735997	16456.84686231613
64	2.4103496	136.15962	0.0	0.0	0.0	1982.0	0.0010164102564102565	1.0205166	1950000	3.5603842e-09	0.08771341	9.850157e-08	-0.0010607213	-0.03414136	-0.16515127	0.7781982	0.011044458	16758.801048517227
65	2.5200453	136.96347	2.8804822e-14	0.04109589	0.01826484	1991.0	0.0010055555555555555	1.0999451	1980000	-1.2207032e-08	0.09417197	4.354677e-08	0.003344346	-0.052045196	-0.14922158	0.7777037	0.0094691785	17077.42914915085
66	2.4711387	176.99408	0.0	0.01183432	0.00591716	1993.0	0.000991542288557214	0.85333055	2010000	3.051758e-09	0.112583846	-2.8215217e-08	-0.007044646	-0.033797614	-0.3175708	0.7764496	0.015984481	17362.72645497322
67	2.4678495	141.31604	0.0	0.009433962	0.004716981	1995.0	0.0009779411764705883	0.9918919	2040000	-5.086263e-09	0.08485336	-2.6990783e-08	0.0040376843	-0.038105693	-0.18267071	0.77407604	0.014793291	17678.46250963211
68	2.2641585	169.4253	0.0	0.0057471264	0.0057471264	1996.0	0.0009642512077294686	0.8248895	2070000	1.5767416e-08	0.16892448	9.865596e-08	-0.0046587214	-0.063004136	-0.22446908	0.77396834	0.01770477	17972.392102956772
69	2.3353355	163.44809	2.585166e-27	0.016393442	0.010928961	1999.0	0.0009519047619047619	0.8322513	2100000	-1.4559428e-08	0.17445356	4.6902013e-08	-0.007663792	-0.044626668	-0.12936777	0.77301097	0.011417838	18264.252321720123
70	2.4137733	153.3125	1.15e-43	0.046875	0.020833334	2008.0	0.0009427230046948357	0.901959	2130000	4.0690105e-09	0.18727924	7.4505806e-08	0.0036651532	-0.0653354	-0.14744757	0.77304053	0.011604521	18556.218606710434
71	2.0093806	179.66264	0.0	0.0	0.0	2008.0	0.0009296296296296296	0.7528986	2160000	1.0172526e-09	0.45086622	-2.0682093e-07	-0.0030513632	-0.23540825	-0.15682758	0.7715379	0.010807646	18832.10782766342
72	2.2326741	158.30688	0.0	0.0	0.0	2008.0	0.0009168949771689497	0.73701286	2190000	-8.138021e-09	0.15651023	1.5137687e-07	-0.0068221837	-0.058272727	-0.35036156	0.7712457	0.017635457	19131.623204231262
73	2.3662105	163.78142	0.0	0.0	0.0	2008.0	0.0009045045045045045	0.8114987	2220000	0.0	0.105049	-1.042267e-08	-0.009333879	-0.026036888	-0.20653895	0.77027214	0.014143305	19420.927258491516
74	2.3535585	150.78572	3.4692255e-19	0.06122449	0.030612245	2020.0	0.0008977777777777778	0.91018176	2250000	-9.155274e-09	0.08320752	-3.649264e-07	-0.0025145137	-0.03567026	-0.20847063	0.77209705	0.0097817145	19729.651432991028
75	2.5027287	157.84126	2.84782e-40	0.037037037	0.015873017	2027.0	0.0008890350877192982	0.95625955	2280000	8.138021e-09	0.09090001	-4.1376344e-07	-0.017394612	-0.038628094	-0.29938665	0.7718167	0.014898694	20028.554023504257
76	2.4790268	115.11539	0.0	0.0076923077	0.0038461538	2029.0	0.0008783549783549783	1.1760193	2310000	1.0172526e-08	0.036617808	2.4942253e-07	-0.007911412	-0.019296484	-0.21225575	0.7695461	0.015694117	20369.75806570053
77	2.473103	148.19193	0.0	0.0	0.0	2029.0	0.0008670940170940171	1.024886	2340000	-2.0345052e-09	0.0920097	9.873901e-08	0.0006654597	-0.05642679	-0.20040654	0.768321	0.012562026	20682.401099205017
78	2.3872662	152.64796	0.0	0.0	0.0	2029.0	0.0008561181434599156	0.94781166	2370000	6.612142e-09	0.07314429	-1.946274e-08	-0.00051689555	-0.027231883	-0.121204734	0.7644375	0.015936367	20982.205995321274
79	2.3896375	149.17413	0.0	0.024875622	0.0099502485	2034.0	0.0008475	0.902997	2400000	2.0345052e-09	0.093864374	-2.846789e-08	-0.0058009257	-0.03650305	-0.24579546	0.76253897	0.015033811	21286.65386199951
80	2.5797045	140.76996	0.0	0.0093896715	0.0046948357	2036.0	0.0008378600823045268	1.114196	2430000	-9.155274e-09	0.043361988	-5.372813e-08	-0.0030903362	-0.014561849	-0.23543392	0.75988066	0.015850684	21603.29034090042
81	2.480731	130.95197	0.0	0.0	0.0	2036.0	0.0008276422764227642	1.1258557	2460000	4.0690105e-09	0.06629257	4.1645166e-08	0.00043326328	-0.036291763	-0.13162073	0.76317394	0.013940549	21923.079389572144
82	2.4710321	125.5339	0.0	0.0	0.0	2036.0	0.0008176706827309237	1.1397092	2490000	2.0345052e-09	0.054144036	9.6983825e-08	4.4660697e-05	-0.02424659	-0.14026159	0.7632383	0.01750138	22254.942792654037
83	2.4815712	133.16888	0.0	0.0	0.0	2036.0	0.0008079365079365079	1.0783523	2520000	-8.138021e-09	0.039934237	-7.6293944e-08	0.0015279135	-0.012859594	-0.16765052	0.76219183	0.013602322	22573.037209272385
84	2.4587183	128.14957	4.219421e-34	0.012820513	0.008547009	2039.0	0.0007996078431372549	1.0657557	2550000	5.086263e-09	0.053179163	7.3359566e-08	2.019755e-05	-0.021846399	-0.13994755	0.7621348	0.012794944	22899.770134925842
85	2.2830052	159.86632	1.4985332e-07	0.021390375	0.010695187	2043.0	0.0007918604651162791	0.8391685	2580000	3.5603842e-09	0.21573757	-2.0399451e-08	-0.0009931015	-0.1159532	-0.16982575	0.76165706	0.013339276	23193.877441883087
86	2.3058114	144.08212	0.0	0.004830918	0.004830918	2044.0	0.0007831417624521073	0.96769375	2610000	-8.90096e-09	0.15148135	9.214244e-08	-0.001951513	-0.07996494	-0.19229893	0.7592703	0.011755951	23499.19027352333
87	2.0879433	161.7027	0.0	0.0	0.0	2044.0	0.0007742424242424242	0.70087504	2640000	-1.4623006e-08	0.24703893	2.8352481e-08	-0.0012867198	-0.09629117	-0.16821074	0.7623372	0.009872211	23798.74000477791
88	2.3791826	155.32643	0.0	0.0	0.0	2044.0	0.0007655430711610487	0.8854674	2670000	6.103516e-09	0.09316485	-5.929581e-08	-0.0010251108	-0.03306085	-0.16273583	0.76047564	0.014867532	24103.66278243065
89	2.4134498	163.25137	2.3121498e-26	0.0054644807	0.0054644807	2045.0	0.0007574074074074074	0.86139387	2700000	4.0690105e-09	0.106534325	8.338136e-08	0.0046173683	-0.03756208	-0.16873263	0.75954777	0.01846591	24394.497406721115
90	2.2557063	204.76027	0.0	0.020547945	0.006849315	2048.0	0.0007501831501831502	0.7108644	2730000	7.629395e-09	0.15804414	2.547486e-07	-0.0018779708	-0.055199265	-0.17617792	0.75967294	0.016053146	24668.91131043434
91	2.4220703	154.45833	0.0	0.0	0.0	2048.0	0.0007420289855072464	0.95239234	2760000	1.2715657e-09	0.07659159	5.9604645e-08	0.0015115695	-0.034590058	-0.116657555	0.75972503	0.011526503	24966.60050845146
92	2.3669167	167.18994	1.1586e-41	0.011173184	0.005586592	2050.0	0.0007347670250896057	0.86841387	2790000	-1.2207032e-08	0.16493644	-7.725294e-08	0.002005075	-0.081450745	-0.10526544	0.75981236	0.010743884	25266.48162794113
93	2.1933854	181.08485	0.0	0.0	0.0	2050.0	0.0007269503546099291	0.7630332	2820000	-2.0345052e-09	0.15812892	-8.0917815e-08	-0.008338456	-0.05855637	-0.19792542	0.7598077	0.013193707	25552.722834825516
94	2.388354	183.74846	0.0	0.0	0.0	2050.0	0.0007192982456140351	0.78266764	2850000	0.0	0.08795343	9.36122e-08	-0.013967307	-0.031079229	-0.31012127	0.75895417	0.01889012	25835.811036348343
95	2.4609237	183.46626	0.0	0.0	0.0	2050.0	0.0007118055555555556	0.8349618	2880000	8.646647e-09	0.089261465	1.6967212e-07	-0.00842908	-0.03648436	-0.19674471	0.75909674	0.013107863	26118.053503990173
96	2.5409024	161.29121	1.7196053e-12	0.010989011	0.0054945056	2052.0	0.0007051546391752577	0.9877257	2910000	0.0	0.0554338	-1.04799376e-07	-0.012450793	-0.023395196	-0.22154886	0.7564838	0.018022703	26402.510605573654
97	2.460992	136.16895	0.0	0.0	0.0	2052.0	0.0006979591836734694	1.0345991	2940000	-2.0345052e-09	0.049890023	-1.1757628e-07	0.0011414458	-0.02397802	-0.1242956	0.7539024	0.012265102	26723.953656196594
98	2.4428349	145.59804	8.982726e-15	0.004901961	0.004901961	2053.0	0.0006912457912457913	1.01399	2970000	9.155274e-09	0.0535736	9.3497485e-09	-0.0001674825	-0.026188431	-0.16420999	0.7473572	0.014391657	27040.216040849686
99	2.3051965	153.22052	2.0591563e-24	0.0051282053	0.0051282053	2054.0	0.0006846666666666666	0.89033186	3000000	-7.1207684e-09	0.08028648	2.0540678e-07	0.004285111	-0.033803407	-0.11805985	0.7452541	0.009600518	27347.67719721794
100	2.496281	149.76	0.0	0.0	0.0	2054.0	0.0006778877887788779	1.0548437	3030000	2.0345052e-09	0.04882207	1.7881392e-08	-0.0007531764	-0.027555771	-0.1080485	0.74275017	0.012176134	27640.07205605507
101	2.4664285	161.76216	0.0	0.0	0.0	2054.0	0.0006712418300653595	0.9491382	3060000	-7.1207684e-09	0.0597813	-2.5774982e-08	0.0045615234	-0.031235725	-0.07909245	0.7412141	0.012938846	27941.962918758392
102	1.907844	197.28947	0.0	0.013157895	0.0065789474	2056.0	0.0006653721682847897	0.6850855	3090000	-6.548564e-09	0.19059016	-2.0391063e-08	-0.00037982248	-0.10591397	-0.123205855	0.7424556	0.012017226	28217.749738693237
103	2.4773166	185.40373	0.0	0.0	0.0	2056.0	0.000658974358974359	0.8056004	3120000	-4.0690105e-09	0.0984558	1.0069853e-07	0.00692642	-0.05830345	-0.09436903	0.7417279	0.019269044	28499.880554914474
104	1.8426374	187.45625	0.0	0.0	0.0	2056.0	0.0006526984126984127	0.6485609	3150000	3.051758e-09	0.18660446	5.9604645e-08	-0.0036544495	-0.110537045	-0.08444512	0.7402757	0.012451378	28779.73108291626
105	2.377959	201.18791	0.0	0.0	0.0	2056.0	0.0006465408805031447	0.7222172	3180000	-1.0172526e-09	0.09054037	-1.9201497e-08	0.006303573	-0.034341756	-0.11007852	0.7317706	0.008451131	29052.162796497345
106	1.6169652	207.97144	0.0	0.0	0.0	2056.0	0.0006404984423676013	0.50639695	3210000	1.0172526e-09	0.16993737	9.877341e-08	0.0007699875	-0.079122655	-0.1574736	0.72706705	0.013170877	29313.37926864624
107	1.7552706	232.0	0.0	0.0	0.0	2056.0	0.0006345679012345679	0.39829928	3240000	-8.138021e-09	0.14467433	0.0	0.00070480554	-0.047994442	-0.15192123	0.7239026	0.014667613	29570.0964512825
108	1.4111955	228.28682	0.0	0.0	0.0	2056.0	0.0006287461773700306	0.32249013	3270000	-8.90096e-09	0.16258056	-2.2178472e-08	-0.00042498374	-0.057439156	-0.14085045	0.7264884	0.011084473	29831.55275940895
109	0.62304693	259.57144	0.0	0.0	0.0	2056.0	0.000623030303030303	-0.058837146	3300000	2.0345052e-09	0.15610237	-2.554485e-08	-0.0012017456	-0.04665281	-0.1215706	0.722086	0.013019013	30085.297906398773
110	0.26487386	245.90164	0.0	0.0	0.0	2056.0	0.0006174174174174175	-0.2022431	3330000	1.525879e-09	0.11908423	3.908501e-09	0.005634831	-0.026844889	-0.2107772	0.720047	0.018362304	30340.5784034729
111	0.9934511	226.57576	0.0	0.0	0.0	2056.0	0.0006119047619047619	-0.024551809	3360000	6.612142e-09	0.19911656	-5.7798445e-08	-0.0028313827	-0.04801771	-0.12671275	0.72102165	0.0160592	30593.896416664124
112	0.9565622	227.13281	2.779222e-19	0.0859375	0.0078125	2067.0	0.0006097345132743362	0.024996078	3390000	1.525879e-09	0.14700143	-3.7252903e-09	-0.0017489034	-0.042829968	-0.11948535	0.724706	0.012927889	30840.54676747322
113	0.875646	210.87325	7.907653e-32	0.014084507	0.0070422534	2069.0	0.0006049707602339182	-0.034144644	3420000	2.0345052e-08	0.13808906	7.387618e-08	-0.002045029	-0.040477194	-0.20268536	0.7232043	0.01003326	31110.23736858368
114	1.2471789	239.504	0.0	0.0	0.0	2069.0	0.0005997101449275363	0.12852716	3450000	-2.2888185e-09	0.15998337	5.3405763e-08	0.0020643247	-0.045203418	-0.17794792	0.7232609	0.010040438	31364.456482887268
115	1.4786402	189.53798	0.0	0.0	0.0	2069.0	0.0005945402298850575	0.30636752	3480000	5.4041545e-09	0.13701567	-7.0921985e-08	0.0005025601	-0.035785414	-0.10120615	0.71947163	0.015152346	31637.97736954689
116	1.0240171	220.43382	1.0997251e-12	0.007352941	0.007352941	2070.0	0.0005897435897435898	0.025893994	3510000	-1.3224284e-08	0.20818049	-1.0518467e-07	0.0009501048	-0.069206655	-0.14362206	0.71220756	0.020352913	31893.51941537857
117	1.5393475	218.76471	0.0	0.0	0.0	2070.0	0.0005847457627118644	0.22088203	3540000	8.646647e-09	0.33434278	-2.8049245e-08	-0.018663408	-0.14404854	-0.21595646	0.7057676	0.017962314	32155.457159757614
118	1.6393368	208.45454	0.0	0.0	0.0	2070.0	0.0005798319327731092	0.2659729	3570000	1.3224284e-08	0.20259495	-2.9343823e-07	-0.016734943	-0.0635317	-0.26640147	0.70737404	0.015032207	32423.639424562454
119	2.0552144	195.16339	3.3638744e-30	0.019607844	0.006535948	2073.0	0.0005758333333333334	0.5680156	3600000	0.0	0.23515543	4.4878792e-07	-0.012352557	-0.13883074	-0.23729172	0.70413595	0.014676343	32692.18278503418
120	2.4371657	182.42139	0.0	0.0	0.0	2073.0	0.0005710743801652893	0.71768355	3630000	6.866455e-09	0.14496188	2.9989756e-08	-0.00018063151	-0.0716589	-0.10186008	0.70716685	0.0090470845	32968.455359220505
121	2.1486323	179.24551	0.0	0.0	0.0	2073.0	0.0005663934426229508	0.7625571	3660000	-3.051758e-09	0.2328974	1.142125e-08	0.0016182408	-0.13591881	-0.17389265	0.709012	0.01501853	33250.087320804596
122	2.326678	171.17714	0.0	0.0	0.0	2073.0	0.0005617886178861789	0.8570267	3690000	-6.103516e-09	0.12400179	3.2697404e-08	0.0031322306	-0.055416845	-0.10030843	0.7150044	0.018553069	33531.97875666618
123	1.9136081	221.22963	0.0	0.0	0.0	2073.0	0.000557258064516129	0.585608	3720000	-1.7293294e-08	0.2537475	-7.064254e-08	-0.0011571207	-0.079171255	-0.1269105	0.71130854	0.017442672	33787.8221552372
124	2.3102078	163.26666	0.0	0.0	0.0	2073.0	0.0005528	0.82088584	3750000	1.8310548e-08	0.09853646	3.576279e-08	-0.0008211202	-0.036760688	-0.15428169	0.7071794	0.012794962	34077.068533182144
125	2.305404	181.71515	0.0	0.0	0.0	2073.0	0.0005484126984126984	0.7783888	3780000	-6.103516e-09	0.112754405	4.6238753e-08	0.0032824606	-0.043713868	-0.11256244	0.7101731	0.010307554	34357.86400318146
126	2.1233153	206.0	0.0	0.0	0.0	2073.0	0.0005440944881889764	0.6928089	3810000	-7.1207684e-09	0.15199548	-1.285093e-07	0.0019026163	-0.05038272	-0.12687579	0.7097223	0.01674112	34626.09536528587
127	2.002599	209.46153	0.0	0.0	0.0	2073.0	0.00053984375	0.5979837	3840000	7.629395e-10	0.12218658	-9.003219e-08	0.000113884096	-0.03352634	-0.098740906	0.7077716	0.011570343	34897.74270224571
128	2.1168504	206.69655	0.0	0.0	0.0	2073.0	0.0005356589147286822	0.6054171	3870000	-7.883708e-09	0.16516857	-3.2063188e-08	0.0024801842	-0.05487509	-0.1340659	0.70652515	0.01261709	35165.517278432846
129	1.954901	224.01515	0.0	0.0	0.0	2073.0	0.0005315384615384615	0.6352097	3900000	5.086263e-09	0.214768	-2.8899223e-08	0.0023465515	-0.06507543	-0.124975786	0.7177008	0.009011878	35432.12082338333
130	1.7805775	272.45456	0.0	0.0	0.0	2073.0	0.0005274809160305344	0.44761354	3930000	-6.103516e-09	0.19166583	-1.040372e-07	0.0025150115	-0.034227714	-0.19922194	0.71833414	0.008617505	35682.01973485947
131	1.2553557	285.25	0.0	0.0	0.0	2073.0	0.0005234848484848485	0.2825735	3960000	1.5767416e-08	0.27405685	7.3359566e-08	0.0050634583	-0.07635839	-0.24202737	0.722831	0.012810921	35922.14729356766
132	1.4443723	237.77777	0.0	0.0	0.0	2073.0	0.0005195488721804511	0.3449725	3990000	-3.5603842e-09	0.2062445	1.892211e-08	-0.0019418406	-0.06846151	-0.06846308	0.7281864	0.011222851	36178.81201481819
133	1.1081254	259.9478	0.0	0.0	0.0	2073.0	0.0005156716417910448	0.1515686	4020000	-5.086263e-10	0.24158454	1.658564e-08	-0.0022224996	-0.08110675	-0.15199856	0.7285598	0.008822149	36427.978645801544
134	1.3649893	250.45763	0.0	0.0	0.0	2073.0	0.0005118518518518519	0.2816621	4050000	7.1207684e-09	0.17245892	-4.8491913e-08	0.003665754	-0.05061891	-0.07201575	0.7340893	0.010585329	36681.41094875336
135	1.1816589	285.451	0.0	0.0	0.0	2073.0	0.0005080882352941176	0.21366493	4080000	1.6276042e-08	0.25699922	-1.4024623e-08	0.005418518	-0.08247678	-0.16280986	0.7273214	0.015004429	36916.62146067619
136	1.4879738	254.82608	0.0	0.0	0.0	2073.0	0.0005043795620437956	0.3002753	4110000	-1.0172526e-08	0.25879312	3.317128e-08	-9.395549e-05	-0.061808705	-0.116849594	0.727985	0.015772875	37147.91572070122
137	1.5479414	260.64346	0.0	0.017391304	0.008695652	2075.0	0.0005012077294685991	0.35123628	4140000	-8.138021e-09	0.17168912	4.561051e-08	-0.0004173126	-0.062214218	-0.18199228	0.7251939	0.017693397	37378.62521004677
138	0.82409644	301.76288	0.0	0.010309278	0.010309278	2076.0	0.000497841726618705	0.09164497	4170000	-1.0172526e-09	0.24285752	1.2781202e-07	0.0009825022	-0.09337744	-0.1726446	0.7245587	0.014509302	37596.91993737221
139	0.63247937	288.58417	0.0	0.0	0.0	2076.0	0.0004942857142857143	-0.018703997	4200000	-2.0345052e-09	0.2424803	2.3133684e-07	-0.016954798	-0.05905059	-0.19912164	0.71986985	0.014191168	37828.20798039436
140	2.0357778	227.6923	0.0	0.0	0.0	2076.0	0.0004907801418439716	0.48523957	4230000	-8.646647e-09	0.14511293	-1.1003935e-08	-0.0032107616	-0.06466891	-0.08916247	0.7195976	0.008853131	38069.945436000824
141	2.1943092	208.13287	0.0	0.0	0.0	2076.0	0.0004873239436619718	0.6585135	4260000	-1.2207032e-08	0.08503798	6.669051e-08	-0.0008310506	-0.029639922	-0.25756228	0.7212047	0.014825204	38320.18525099754
142	2.2418375	216.47101	0.0	0.0	0.0	2076.0	0.0004839160839160839	0.688423	4290000	-1.6276042e-08	0.08840555	9.6749574e-08	0.00096106675	-0.031093035	-0.09902972	0.71656823	0.010025408	38560.07611775398
143	2.1843243	241.55646	0.0	0.0	0.0	2076.0	0.0004805555555555556	0.6172849	4320000	4.3233235e-09	0.10389758	-4.230007e-08	0.00029582492	-0.037857257	-0.17516729	0.7148488	0.00960095	38792.58177232742
144	1.8243366	250.12605	0.0	0.0	0.0	2076.0	0.00047724137931034485	0.5138473	4350000	2.0345052e-09	0.089451544	0.0	-0.001294991	-0.031557586	-0.1348795	0.7126831	0.008831952	39023.03752231598
145	1.9623907	253.56522	0.0	0.0	0.0	2077.0	0.0004742009132420091	0.47585535	4380000	-4.0690105e-09	0.13594154	9.122102e-08	-0.0029474606	-0.05679684	-0.20210516	0.7134599	0.016455479	39247.86499762535
146	1.9241472	243.53659	0.0	0.0	0.0	2077.0	0.0004709750566893424	0.49532473	4410000	-7.1207684e-09	0.10760923	-1.5506899e-08	-0.0011241293	-0.03305638	-0.13320692	0.70780677	0.0117686195	39484.29496049881
147	1.8631688	252.6017	0.0	0.0	0.0	2077.0	0.0004677927927927928	0.4614659	4440000	1.2207032e-08	0.094307356	3.6368935e-08	0.0028101238	-0.03452104	-0.10988864	0.7078417	0.013368755	39717.98533082008
148	1.2474353	251.17647	0.0	0.0	0.0	2077.0	0.0004646532438478747	0.26160425	4470000	1.2207032e-08	0.08878465	2.0035175e-08	-0.0017474213	-0.034034383	-0.079055734	0.70543677	0.015397334	39951.25383090973
149	2.0960448	208.71329	0.0	0.0	0.0	2077.0	0.00046155555555555555	0.6212476	4500000	4.0690105e-09	0.076403774	1.0003576e-07	-0.0022110157	-0.03040633	-0.08235835	0.70692194	0.013245145	40200.17277765274
150	1.9288573	270.96332	0.0	0.0	0.0	2077.0	0.0004584988962472406	0.49577034	4530000	1.2207032e-08	0.07799322	4.3746526e-09	-0.0013399496	-0.025924105	-0.16964668	0.7074254	0.0110678105	40427.07028698921
151	2.1798675	250.24786	0.0	0.0	0.0	2077.0	0.00045548245614035086	0.60603195	4560000	1.6657511e-08	0.06520495	1.6302126e-07	0.0015442343	-0.015854556	-0.15488702	0.7078664	0.012924649	40654.24105429649
152	2.1252043	259.92175	0.0	0.0	0.0	2077.0	0.00045250544662309367	0.57791567	4590000	2.7974447e-09	0.07432486	4.1464098e-08	-0.0021421958	-0.022746768	-0.10994625	0.70877165	0.014385323	40888.03137755394
153	2.203936	321.76343	0.0	0.010752688	0.010752688	2078.0	0.0004497835497835498	0.5871735	4620000	-5.086263e-09	0.092695035	1.64073e-07	-0.0007317403	-0.037911497	-0.14491576	0.7097877	0.01730817	41104.46262598038
154	2.3273706	312.4086	0.0	0.0	0.0	2078.0	0.00044688172043010754	0.54672027	4650000	-1.3987224e-08	0.07378347	-1.1280019e-07	-0.012446678	-0.026299082	-0.26270095	0.7078069	0.015077932	41316.64115071297
155	2.365136	303.83334	0.0	0.0	0.0	2078.0	0.000444017094017094	0.52825105	4680000	6.103516e-09	0.063130155	-1.465281e-07	-0.0076474426	-0.016005468	-0.17131144	0.70561045	0.0120841395	41533.092779159546
156	2.3728638	320.17206	0.0	0.0	0.0	2078.0	0.00044118895966029726	0.540847	4710000	-5.086263e-09	0.059144117	-1.320275e-07	-0.016192654	-0.012249667	-0.22938918	0.7053725	0.014082904	41756.599667072296
157	2.4375496	247.13223	0.0	0.016528925	0.008264462	2080.0	0.00043881856540084387	0.6515774	4740000	7.1207684e-09	0.07906369	-4.728963e-08	-0.013438733	-0.031035826	-0.20823072	0.7058719	0.015519712	41986.257603645325
158	2.5349157	240.82259	0.0	0.016129032	0.008064516	2082.0	0.00043647798742138365	0.7413816	4770000	-1.0172526e-09	0.0665505	-1.9996396e-07	-0.010962005	-0.031093527	-0.2974929	0.70386106	0.017190805	42222.5413172245
159	2.5919683	226.48462	1.1357283e-19	0.06153846	0.03076923	2090.0	0.0004354166666666667	0.7465317	4800000	9.155274e-09	0.076788366	-5.1351694e-08	-0.009444901	-0.03694138	-0.25889882	0.7044749	0.01754923	42465.044288635254
160	2.6215432	211.43262	0.0	0.014184397	0.0070921984	2092.0	0.0004331262939958592	0.902955	4830000	0.0	0.05971304	4.8698263e-07	-0.0137368655	-0.017553404	-0.1593324	0.7068852	0.01164163	42708.01568412781
161	2.4298053	181.08537	4.4446338e-08	0.024390243	0.0121951215	2096.0	0.00043127572016460905	0.92687815	4860000	8.90096e-09	0.05390985	-4.1868628e-07	-0.017481305	-0.017882176	-0.23140362	0.70347255	0.0215533	42962.72111201286
162	2.5147731	189.73418	0.0	0.006329114	0.006329114	2097.0	0.00042883435582822085	0.8679723	4890000	-1.2207032e-08	0.051376216	-1.9616719e-07	-0.01448796	-0.013639383	-0.24319142	0.70720416	0.01546852	43206.374965667725
163	2.5046217	173.34103	0.0	0.0	0.0	2097.0	0.00042621951219512196	0.9570595	4920000	6.103516e-09	0.05196794	-7.9932235e-08	0.00205976	-0.022377903	-0.21840717	0.70377415	0.01525886	43468.82325768471
164	2.6104324	204.66438	0.0	0.0	0.0	2097.0	0.00042363636363636366	0.9506355	4950000	0.0	0.049525578	-6.532016e-09	0.00033763226	-0.017345767	-0.18481535	0.70061225	0.011331384	43704.67077970505
165	2.604993	224.37595	0.0	0.0	0.0	2097.0	0.0004210843373493976	0.85840863	4980000	-5.5948894e-09	0.05270162	-1.3982444e-07	-0.0065123113	-0.01404307	-0.19042267	0.700922	0.009527793	43934.76254630089
166	2.5859652	187.3522	4.666947e-22	0.031446543	0.012578616	2102.0	0.000419560878243513	0.9187835	5010000	-6.612142e-09	0.04201687	1.0271492e-07	-0.0027986004	-0.013985332	-0.17467214	0.69915366	0.015301443	44185.797547101974
167	2.6720674	226.89394	0.0	0.015151516	0.007575758	2104.0	0.00041746031746031745	0.8910426	5040000	-1.7293294e-08	0.05094156	-5.20186e-07	-0.017219506	-0.015407436	-0.26655596	0.69328976	0.014008468	44420.24916291237
168	2.465747	178.03572	0.0	0.05952381	0.017857144	2114.0	0.0004169625246548323	0.87812245	5070000	1.4241537e-08	0.045237664	8.5149495e-08	-0.018767834	-0.017569093	-0.27060765	0.68715334	0.01635299	44678.23634696007
169	2.6332412	194.44156	0.0	0.038961038	0.019480519	2120.0	0.0004156862745098039	0.91028506	5100000	-1.8310548e-08	0.04591837	-8.669767e-08	-0.0131131625	-0.01403429	-0.19581914	0.68684506	0.009557337	44921.76044487953
170	2.587578	178.39157	0.0	0.0	0.0	2120.0	0.00041325536062378166	0.97502863	5130000	2.0345052e-08	0.033530157	-6.894031e-08	-0.01736921	-0.012153424	-0.22587767	0.6854433	0.015685845	45171.918147325516
171	2.6048405	185.64597	0.0	0.0124223605	0.0062111802	2122.0	0.0004112403100775194	0.9742437	5160000	3.051758e-09	0.03331586	6.3973187e-07	-0.017385922	-0.01028505	-0.20854925	0.6794875	0.014983612	45424.88824033737
172	2.4995785	152.8718	0.0	0.015384615	0.0051282053	2125.0	0.0004094412331406551	1.031644	5190000	-8.138021e-09	0.029405268	9.781275e-09	-0.010868193	-0.011031244	-0.22003348	0.6760732	0.00917364	45695.11743187904
173	2.5597324	160.26344	8.468448e-29	0.021505376	0.010752688	2129.0	0.0004078544061302682	1.0449046	5220000	3.051758e-09	0.02762546	1.5381843e-07	-0.015119524	-0.009018347	-0.17977567	0.6736822	0.0142571125	45957.19862771034
174	2.566986	153.06702	0.0	0.0	0.0	2129.0	0.0004055238095238095	1.0557352	5250000	4.0690105e-09	0.024457308	1.474754e-07	-0.010297606	-0.008048791	-0.18666211	0.6649745	0.016343243	46226.05841636658
175	2.5551045	155.84895	0.0	0.010416667	0.0052083335	2131.0	0.00040359848484848484	1.0295885	5280000	3.051758e-09	0.037023038	5.9604645e-08	-0.009317963	-0.018327046	-0.18309383	0.6615781	0.012369739	46497.433915138245
176	2.5596023	153.28206	0.0	0.0	0.0	2131.0	0.0004013182674199623	1.039717	5310000	-8.138021e-09	0.027247427	-9.781275e-09	-0.0028910737	-0.008512368	-0.15066656	0.65698683	0.014521485	46767.239600896835
177	2.7174041	177.1361	0.0	0.0	0.0	2131.0	0.000399063670411985	1.0291485	5340000	4.577637e-09	0.024798824	-2.8215217e-09	-0.0023712877	-0.0067884345	-0.08485921	0.6669101	0.016404487	47021.60652709007
178	2.5793564	149.24875	0.0	0.03482587	0.0099502485	2138.0	0.00039813780260707635	1.0517814	5370000	-5.086263e-09	0.030015875	-2.3723241e-09	-0.0024765441	-0.011091802	-0.10797237	0.66590595	0.0112596685	47297.03137373924
179	2.5240335	165.18233	0.0	0.0	0.0	2138.0	0.0003959259259259259	1.0039206	5400000	2.0345052e-09	0.048922397	1.4752973e-07	-0.0058084982	-0.023510007	-0.19274311	0.667284	0.016074253	47557.21587276459
180	2.5819511	151.13637	0.0	0.0	0.0	2138.0	0.00039373848987108654	1.0651308	5430000	7.629395e-09	0.027626153	-6.7431515e-08	0.0028072875	-0.010603985	-0.20496987	0.66066587	0.013577965	47828.91041493416
181	2.6107216	183.22699	0.0	0.0	0.0	2138.0	0.00039157509157509155	0.9896167	5460000	-3.051758e-09	0.03949376	-1.1116449e-07	0.002135732	-0.01409624	-0.24483201	0.65349436	0.01637694	48083.59297847748
182	2.5665092	165.87222	0.0	0.0055555557	0.0055555557	2139.0	0.0003896174863387978	0.9984034	5490000	2.0345052e-09	0.03001871	2.1192763e-08	-0.00328514	-0.010438705	-0.21128744	0.6589957	0.011064386	48345.91986775398
183	2.592061	176.19412	0.0	0.0	0.0	2139.0	0.0003875	0.9957255	5520000	-1.3224284e-08	0.029528588	-3.3659095e-08	0.0026268687	-0.010306081	-0.25385234	0.656896	0.011884206	48601.496993780136
184	2.4791806	176.98816	0.0	0.0	0.0	2139.0	0.0003854054054054054	0.9451201	5550000	1.5767416e-08	0.045842864	-1.0721782e-07	0.0050178515	-0.018848753	-0.24278183	0.6585264	0.013252703	48862.02890563011
185	2.5419762	181.58182	0.0	0.0	0.0	2139.0	0.00038333333333333334	0.9421316	5580000	2.5431315e-09	0.039624248	0.0	0.0036164413	-0.012651423	-0.18249743	0.6497402	0.015573684	49109.479939222336
186	2.4520001	192.87662	0.0	0.0	0.0	2139.0	0.000381283422459893	0.8882192	5610000	6.7392985e-09	0.067563735	4.9541523e-08	-0.015057793	-0.027138568	-0.3066439	0.6467758	0.012763957	49353.20828652382
187	2.4751358	175.1647	2.927813e-18	0.005882353	0.005882353	2140.0	0.00037943262411347517	0.8802162	5640000	5.086263e-09	0.0397526	1.7390532e-07	-0.009215032	-0.013221743	-0.31359392	0.64408463	0.012295013	49605.4853823185
188	2.5863407	176.08824	0.0	0.005882353	0.005882353	2141.0	0.0003776014109347443	0.95020145	5670000	4.9591065e-09	0.039955784	-6.170834e-08	-0.00033826358	-0.015832206	-0.14678606	0.643128	0.014550742	49856.23134636879
189	2.598739	168.71022	3.36e-43	0.045454547	0.011363637	2149.0	0.0003770175438596491	1.0141604	5700000	-9.155274e-09	0.029326202	5.4186042e-09	0.0031452544	-0.008698883	-0.1775634	0.6367711	0.011913918	50121.74809336662
190	2.5639987	171.51149	0.0	0.0	0.0	2149.0	0.00037504363001745203	1.0003111	5730000	-8.138021e-09	0.030209012	7.125153e-08	-0.0004901713	-0.01007971	-0.13615808	0.63798684	0.01740071	50384.743049144745
191	2.588027	171.06857	1.4814838e-35	0.017142856	0.0057142857	2152.0	0.00037361111111111113	0.9656395	5760000	-1.1189779e-08	0.032080904	3.2697404e-08	-0.0013296051	-0.012847541	-0.2254957	0.6323548	0.014249219	50643.62605571747
192	2.6301093	186.18634	0.0	0.0	0.0	2152.0	0.00037167530224525044	0.9730035	5790000	-1.0681153e-08	0.038858615	2.3693772e-08	0.0040265303	-0.01375084	-0.17204691	0.6331653	0.01623033	50890.20861005783
193	2.4942153	167.2514	0.0	0.0	0.0	2152.0	0.0003697594501718213	0.9542902	5820000	2.0345052e-09	0.035731565	-1.0655579e-08	-7.2455856e-05	-0.012580255	-0.1842418	0.62859344	0.018651787	51151.86548829079
194	2.6644905	199.38667	0.0	0.02	0.006666667	2155.0	0.0003683760683760684	0.9400099	5850000	-2.0345052e-09	0.039644442	2.7020773e-08	0.007491619	-0.01220757	-0.36102712	0.6291	0.012608857	51388.03573822975
195	2.620316	187.3522	0.0	0.0	0.0	2155.0	0.0003664965986394558	0.93009526	5880000	4.0690105e-09	0.039379366	-7.197542e-08	-0.00063414616	-0.016463785	-0.19170026	0.6326475	0.014519029	51625.99621081352
196	2.5193138	204.26712	0.0	0.006849315	0.006849315	2156.0	0.00036480541455160745	0.88984257	5910000	3.051758e-09	0.051413674	1.0451225e-07	0.0050231763	-0.01903307	-0.14608957	0.6308232	0.010308564	51847.547045230865
197	2.5505242	245.90083	0.0	0.0	0.0	2156.0	0.000362962962962963	0.7532087	5940000	1.0172526e-09	0.05649237	2.9556022e-08	-0.002757199	-0.020209614	-0.14529558	0.6273326	0.015316743	52057.332455158234
198	2.739197	228.64122	0.0	0.0	0.0	2156.0	0.0003611390284757119	0.8168358	5970000	-4.0690105e-09	0.049522575	7.2799565e-08	0.001771958	-0.020476786	-0.12308057	0.62564427	0.010669606	52269.56893110275
199	2.6317518	237.232	1.2124354e-34	0.008	0.008	2157.0	0.0003595	0.8076114	6000000	-7.629395e-09	0.051023662	-1.2207032e-07	-0.0023707172	-0.014346112	-0.11623212	0.6249868	0.01228707	52477.370077610016
