Epoch	EpRet	EpLen	EpCostRet	EpCost	EpMaxCost	CumulativeCost	CostRate	VVals	TotalEnvInteracts	LossPi	LossV	LossCost	DeltaLossPi	DeltaLossV	DeltaLossCost	Entropy	KL	Time
0	-0.013833081	991.93335	0.0	0.23333333	0.06666667	7.0	0.00023333333333333333	0.02623032	30000	-5.086263e-10	0.030823527	-9.536743e-07	-0.0018667977	-0.014201283	-0.079133004	0.91893816	0.012947364	104.8617570400238
1	0.2923083	919.1875	0.0	0.4375	0.125	21.0	0.00035	-0.0010353834	60000	-1.3224284e-08	0.032016724	-3.5762787e-07	-0.0027471913	-0.0075073484	-0.06760341	0.91896266	0.01840462	187.38034009933472
2	0.54171014	870.1177	0.0	0.5588235	0.14705883	40.0	0.00044444444444444447	0.04018984	90000	6.103516e-09	0.043473713	4.4878792e-07	-0.005403467	-0.0068691224	-0.2571061	0.9189522	0.010448938	284.5786883831024
3	0.82838917	856.2857	2.653079e-13	0.22857143	0.114285715	48.0	0.0004	0.047227055	120000	9.791057e-09	0.034470025	3.8146973e-07	-0.00044931602	-0.005956784	-0.00036833627	0.9193547	-2.8378456e-05	390.3114581108093
4	0.80617774	926.3125	0.0	0.71875	0.125	71.0	0.0004733333333333333	0.07978424	150000	-2.0345052e-09	0.020859823	1.4901161e-08	-0.004414836	-0.002362445	-0.01188615	0.91937256	0.0049009216	493.3205087184906
5	0.8640756	857.17645	1.4841131e-35	0.05882353	0.029411765	73.0	0.00040555555555555554	0.08251769	180000	3.306071e-09	0.030035855	-2.8049245e-08	-0.004572254	-0.003739167	-0.2596728	0.91802853	0.014710252	597.3886470794678
6	1.0031233	801.2973	1.2764303e-05	0.5675676	0.1891892	94.0	0.0004476190476190476	0.091432415	210000	4.0690105e-09	0.027829008	0.0	-0.0034890543	-0.007857308	-0.0062971376	0.91704583	0.0003351764	680.485194683075
7	1.5766255	610.9375	0.0	0.041666668	0.041666668	96.0	0.0004	0.21704055	240000	-7.1207684e-09	0.02696424	6.556511e-07	-0.0048016347	-0.0045619607	-0.02280428	0.9161207	0.011541443	788.2723438739777
8	1.8622764	615.6875	1.08965746e-29	0.45833334	0.083333336	118.0	0.00043703703703703705	0.2438181	270000	2.0345052e-09	0.023018202	2.3841858e-07	-0.0059240763	-0.0052153002	-0.00047699612	0.91431266	0.0019883243	881.4290456771851
9	1.6543647	622.7659	0.00018372783	0.5319149	0.12765957	144.0	0.00048	0.24520327	300000	1.3224284e-08	0.026591672	3.2465508e-07	-0.0072222	-0.0052383803	-0.0050040707	0.9136811	0.0032713374	990.8251621723175
10	1.8907295	561.81134	3.5936297e-22	0.5849057	0.1509434	175.0	0.0005303030303030304	0.26947275	330000	-1.2207032e-08	0.02449751	2.1592626e-07	-0.0073823985	-0.0049802624	-0.05635046	0.91286355	0.011745535	1103.2356181144714
11	1.9229333	507.5345	3.2292e-41	0.1724138	0.06896552	185.0	0.0005138888888888889	0.3225571	360000	2.0345052e-09	0.030628175	4.7683716e-07	-0.010619114	-0.0032300986	-0.06654412	0.9125528	0.008625977	1236.7433004379272
12	2.2242625	533.1786	8.11423e-15	0.75	0.19642857	227.0	0.0005820512820512821	0.337029	390000	-2.5431315e-10	0.044152923	4.257475e-09	-0.0054814788	-0.0083898045	-0.024408132	0.9081999	0.010515543	1339.336237192154
13	2.1605868	445.1045	0.0	0.73134327	0.104477614	276.0	0.0006571428571428571	0.39431626	420000	-1.0172526e-08	0.043123674	7.116972e-08	-0.008652206	-0.010709804	-0.09048056	0.906355	0.010184608	1458.9005389213562
14	2.2975132	410.68494	0.0026103044	1.1232877	0.1780822	358.0	0.0007955555555555555	0.4380569	450000	-2.0345052e-09	0.04784108	1.3064032e-08	-0.0038444274	-0.01215782	-0.14255749	0.901254	0.014040922	1578.4147934913635
15	1.9959487	418.88733	1.0952503e-29	1.1830986	0.12676056	442.0	0.0009208333333333333	0.4410745	480000	-2.0345052e-09	0.06449112	-9.402423e-08	-0.008846454	-0.025853172	-0.0641525	0.8981253	0.013835771	1699.369306087494
16	2.1065476	379.1282	0.0095281275	0.6282051	0.12820514	491.0	0.0009627450980392157	0.40511355	510000	1.0172526e-09	0.056311417	-2.9955154e-07	-0.008299337	-0.02041088	-0.10374503	0.8962335	0.013610082	1823.457326412201
17	2.3531137	363.0125	4.030678e-10	0.4375	0.0875	526.0	0.000974074074074074	0.52428806	540000	9.155274e-09	0.043786734	-2.861023e-07	-0.008429086	-0.0094031915	-0.11233774	0.89438295	0.0120808575	1950.2059106826782
18	2.3784547	402.27026	1.2612846e-37	0.1891892	0.054054055	540.0	0.0009473684210526315	0.4755039	570000	7.1207684e-09	0.06071657	-1.1598742e-07	-0.008249009	-0.018222816	-0.13754477	0.8913443	0.0118014	2071.271879196167
19	2.2782242	335.8764	2.8960105e-09	0.71910113	0.123595506	604.0	0.0010066666666666666	0.5426365	600000	-1.0172526e-08	0.08142205	3.2414212e-07	-0.007016822	-0.027922664	-0.11718706	0.8872685	0.01328876	2199.8367249965668
20	2.3873239	373.85	4.943298e-07	0.75	0.15	664.0	0.001053968253968254	0.5289683	630000	7.1207684e-09	0.09254085	7.152558e-08	-0.010552883	-0.02328755	-0.100429304	0.88323605	0.012587231	2323.699447154999
21	2.377271	262.41965	5.2509002e-20	0.4375	0.10714286	713.0	0.0010803030303030304	0.62168014	660000	0.0	0.07347632	-8.0040525e-07	-0.00581792	-0.025960557	-0.17764895	0.8821838	0.009782201	2463.594182729721
22	2.455717	340.07956	3.6459044e-18	0.79545456	0.17045455	783.0	0.0011347826086956522	0.64821804	690000	-5.086263e-09	0.077623986	3.1427905e-07	-0.0075109415	-0.025973368	-0.13385995	0.8761063	0.013972432	2585.4535479545593
23	2.3568945	239.248	4.0796916e-08	0.312	0.088	822.0	0.0011416666666666667	0.7092536	720000	-2.0345052e-09	0.05936272	-7.629395e-08	-0.006923636	-0.014747132	-0.09993386	0.87550247	0.012288549	2730.720021009445
24	2.2866633	269.82727	1.7109204e-06	1.0363636	0.10909091	936.0	0.001248	0.7027706	750000	-1.3224284e-08	0.098939985	-2.7743252e-07	-0.0019793299	-0.0313287	-0.11100845	0.8772921	0.017524125	2868.9654643535614
25	2.1864612	332.62222	0.003481351	0.9777778	0.15555556	1024.0	0.0013128205128205127	0.6111617	780000	9.155274e-09	0.13808519	-1.05963815e-08	-0.0041837017	-0.042392112	-0.16822094	0.872531	0.014893236	2997.265364408493
26	2.2585907	378.9114	3.4437042e-05	0.75949365	0.17721519	1084.0	0.0013382716049382716	0.51419175	810000	1.0172526e-09	0.13287173	1.9314923e-07	-0.011352886	-0.04280617	-0.19215158	0.87100095	0.01970885	3119.819330215454
27	2.4164598	312.15625	0.0003813577	0.8020833	0.1875	1161.0	0.0013821428571428572	0.56849533	840000	1.1189779e-08	0.12551935	-9.934108e-08	-0.010685257	-0.054951854	-0.16919965	0.87239957	0.013267937	3243.5809364318848
28	2.3701472	261.8509	6.6071304e-10	0.5614035	0.10526316	1225.0	0.0014080459770114942	0.65402675	870000	-4.577637e-09	0.09495868	0.0	-0.011621757	-0.044667833	-0.15239026	0.87199986	0.014698193	3384.628247022629
29	2.416476	217.23914	1.1014093e-19	0.45652175	0.072463766	1288.0	0.001431111111111111	0.7379344	900000	2.0853678e-08	0.09154309	-2.7642734e-08	-0.017332261	-0.03596384	-0.05530783	0.86829567	0.01950044	3497.7859966754913
30	2.5391185	200.92517	3.9336291e-13	0.2993197	0.07482993	1332.0	0.001432258064516129	0.82867306	930000	-1.93278e-08	0.06268645	3.1140385e-07	-0.008235986	-0.03086638	-0.13210322	0.8617543	0.013425373	3629.000416278839
31	2.5429308	171.16571	4.626816e-08	0.22857143	0.045714285	1372.0	0.0014291666666666667	0.9727432	960000	-8.138021e-09	0.031866387	-7.4114115e-07	-0.011511406	-0.013243161	-0.089132674	0.85754085	0.013695838	3796.5880510807037
32	2.52368	171.5747	3.1483463e-08	0.3275862	0.07471264	1429.0	0.0014434343434343434	0.96074086	990000	-1.0426839e-08	0.06061986	-5.3712694e-07	-0.011258008	-0.03869707	-0.028923534	0.8528376	0.015643073	3957.896852493286
33	2.6136043	168.19101	1.8567915e-11	0.28651685	0.056179777	1480.0	0.0014509803921568627	1.0312799	1020000	-1.525879e-08	0.028128793	-1.0715442e-07	-0.014158216	-0.008083468	-0.10225718	0.8511366	0.018998818	4128.408500909805
34	2.5233734	146.26108	6.2658487e-22	0.15270936	0.03448276	1511.0	0.001439047619047619	1.0545417	1050000	-1.3987224e-08	0.02152133	-1.12749674e-07	-0.0069159083	-0.0077434406	-0.11757028	0.8467624	0.012143789	4310.497811555862
35	2.7103605	169.18645	9.664998e-26	0.14124294	0.06214689	1536.0	0.0014222222222222223	1.0627322	1080000	-8.392334e-09	0.021577122	-3.7715932e-07	-0.008913899	-0.005279241	-0.14125906	0.83892447	0.015797257	4480.302376747131
36	2.5152895	151.0202	1.1692064e-12	0.28787878	0.05050505	1593.0	0.0014351351351351352	1.0811918	1110000	1.0172526e-09	0.03068625	1.5412918e-07	-0.010031743	-0.00841772	-0.11647396	0.83601135	0.017506901	4661.778959512711
37	2.4888768	146.9804	2.824719e-19	0.11764706	0.04411765	1617.0	0.001418421052631579	1.0739585	1140000	-1.2207032e-08	0.031965557	-3.459407e-07	-0.007759819	-0.009429388	-0.12923639	0.82386714	0.012751404	4849.049040555954
38	2.635679	151.73096	2.1322625e-28	0.040609136	0.030456852	1625.0	0.001388888888888889	1.0987016	1170000	-1.0681153e-08	0.026883176	1.4522959e-07	-0.0074484036	-0.0072301906	-0.106208876	0.819608	0.012971472	5012.910211086273
39	2.536265	135.93088	1.3776041e-30	0.10138249	0.032258064	1647.0	0.0013725	1.1342775	1200000	4.0690105e-09	0.025907071	-8.789625e-09	-0.012553003	-0.005862646	-0.15630554	0.81499374	0.018087521	5203.47495174408
40	2.5657918	144.78745	1.5189336e-25	0.10144927	0.04347826	1668.0	0.0013560975609756098	1.1165689	1230000	4.0690105e-09	0.04101236	-8.29282e-08	-0.008714978	-0.012304608	-0.12594149	0.810299	0.012048413	5389.223242521286
41	2.589506	139.45116	1.3842578e-17	0.09767442	0.03255814	1689.0	0.0013404761904761905	1.110168	1260000	1.1189779e-08	0.027424116	1.4194222e-07	-0.02424943	-0.009111516	-0.069973186	0.8056233	0.016034916	5564.946055173874
42	2.5619783	138.53703	5.8956594e-13	0.106481485	0.046296295	1712.0	0.0013271317829457365	1.131403	1290000	-9.155274e-09	0.02662453	2.1192763e-07	-0.00992758	-0.0070388224	-0.1263418	0.79849696	0.015137826	5727.059536933899
43	2.6308312	138.19354	1.818736e-08	0.06451613	0.02764977	1726.0	0.0013075757575757576	1.1582204	1320000	-5.086263e-09	0.037582424	-2.81268e-07	-0.011979361	-0.012265537	-0.13249238	0.78968614	0.018419942	5916.0023691654205
44	2.4991975	121.41296	2.5395174e-11	0.42510122	0.06477733	1831.0	0.0013562962962962962	1.1792895	1350000	5.086263e-09	0.0248183	-1.7760736e-07	-0.008841958	-0.008680364	-0.12312001	0.7814646	0.012298979	6078.606451511383
45	2.5578587	126.82204	5.9994793e-16	0.31779662	0.033898305	1906.0	0.001381159420289855	1.194526	1380000	-6.612142e-09	0.017043274	-3.2327943e-08	-0.01519529	-0.002788134	-0.15596229	0.7785417	0.019060861	6229.560750246048
46	2.6592927	138.875	2.8637429e-10	0.2962963	0.06481481	1970.0	0.0013971631205673758	1.1725602	1410000	2.0345052e-09	0.07194555	-1.9426699e-07	-0.007334776	-0.035999455	-0.16314508	0.77558607	0.013708172	6375.331562995911
47	2.5647907	127.833336	3.7659964e-07	0.051282052	0.025641026	1982.0	0.0013763888888888888	1.1857046	1440000	-6.103516e-09	0.07682832	-1.7117232e-07	-0.008677634	-0.03791759	-0.17170821	0.7667758	0.016791787	6573.124833583832
48	2.4693112	117.73622	0.0008615862	0.070866145	0.007874016	2000.0	0.0013605442176870747	1.1876262	1470000	8.138021e-09	0.048683718	-8.635634e-08	-0.006500004	-0.021517547	-0.12783189	0.7614167	0.013834027	6762.843910932541
49	2.5415041	125.02929	0.0	0.041841004	0.020920502	2010.0	0.00134	1.1781101	1500000	2.0345052e-09	0.05359553	-8.778592e-08	-0.0020415294	-0.025775589	-0.14618973	0.76007694	0.02140592	6960.015513658524
50	2.5586863	135.79453	7.53138e-36	0.05022831	0.01369863	2021.0	0.0013209150326797387	1.1616795	1530000	2.0345052e-09	0.105203904	7.838419e-08	-0.008180915	-0.044705674	-0.16388682	0.76183665	0.0190854	7148.834162712097
51	2.5652995	133.2009	1.5029815e-05	0.06696428	0.02232143	2036.0	0.001305128205128205	1.107895	1560000	3.051758e-09	0.077174515	1.021794e-07	-0.0042759404	-0.039959826	-0.1365865	0.75562733	0.017234692	7331.600440263748
52	2.6022704	136.36073	1.8271638e-08	0.11872146	0.03652968	2062.0	0.0012968553459119497	1.1647009	1590000	-5.086263e-09	0.044573285	-2.438619e-07	-0.011883915	-0.015137456	-0.15707578	0.7515189	0.01315639	7540.429499387741
53	2.5089936	147.57635	0.0	0.18226601	0.014778325	2099.0	0.001295679012345679	1.145598	1620000	-1.9582114e-08	0.22806916	1.3154128e-07	-0.015454454	-0.15542392	-0.13233207	0.74909586	0.017278563	7720.858208656311
54	2.5800397	142.11374	0.0002556263	0.09952607	0.023696683	2120.0	0.0012848484848484848	1.0770808	1650000	-8.138021e-09	0.12002464	1.7175178e-07	-0.008818384	-0.07262093	-0.14084119	0.7498795	0.017130764	7904.09698677063
55	2.522272	137.8894	1.8317939e-10	0.032258064	0.013824885	2127.0	0.0012660714285714285	1.1089458	1680000	-1.3224284e-08	0.07355355	-1.5821325e-07	-0.008974886	-0.0306056	-0.069985	0.7484456	0.011293948	8054.874325037003
56	2.4705276	132.64601	2.8897118e-19	0.07522124	0.026548672	2144.0	0.0012538011695906433	1.0731246	1710000	6.612142e-09	0.049671754	-1.6879191e-07	-0.0076491153	-0.012803659	-0.13714637	0.741163	0.014783887	8236.790129184723
57	2.608161	136.36073	2.0016808e-17	0.16438356	0.03652968	2180.0	0.0012528735632183908	1.1087754	1740000	6.103516e-09	0.055395752	1.6112305e-07	-0.010114296	-0.029239384	-0.13632795	0.73665965	0.012452749	8419.990190505981
58	2.5130706	117.8189	0.0	0.007874016	0.003937008	2182.0	0.0012327683615819208	1.1870196	1770000	5.5948894e-09	0.034262873	-2.402959e-07	-0.011821689	-0.012727769	-0.15407719	0.7357282	0.01882822	8597.69591474533
59	2.5441623	118.19444	0.0	0.15476191	0.01984127	2221.0	0.001233888888888889	1.2106438	1800000	-1.1444092e-08	0.02149151	-2.2706534e-08	-0.0020151408	-0.0074140104	-0.106154434	0.73968726	0.013213644	8801.87409210205
60	2.585673	120.935486	0.0	0.04032258	0.012096774	2231.0	0.0012191256830601093	1.2410725	1830000	0.0	0.023742432	2.3072765e-07	-0.002301864	-0.0107938945	-0.122309506	0.7366865	0.012453851	8983.383870124817
61	2.5319514	118.38492	3.2836628e-14	0.027777778	0.011904762	2238.0	0.001203225806451613	1.2258091	1860000	-1.0172526e-08	0.023123791	1.8543669e-07	-0.0019095623	-0.008428816	-0.12421318	0.73108	0.0177672	9188.557462453842
62	2.5105183	117.58431	1.467833e-13	0.023529412	0.007843138	2244.0	0.0011873015873015873	1.213224	1890000	4.0690105e-09	0.01983804	-1.9447478e-07	-0.010308274	-0.008383579	-0.12953685	0.7274058	0.013799992	9395.70359635353
63	2.591492	133.27556	0.0	0.075555556	0.017777778	2261.0	0.0011776041666666666	1.1679354	1920000	1.0172526e-08	0.10247264	3.390842e-08	-0.008608107	-0.07029966	-0.13537647	0.71576184	0.016353063	9585.670100927353
64	2.4879363	109.149635	6.1189112e-31	0.00729927	0.003649635	2263.0	0.0011605128205128205	1.2317783	1950000	-8.138021e-09	0.015034878	8.3533514e-08	-0.0064626765	-0.005776301	-0.116178006	0.71061	0.012138006	9802.273921489716
65	2.5038817	111.81716	9.465945e-14	0.08208955	0.01119403	2285.0	0.001154040404040404	1.2316206	1980000	5.086263e-09	0.014564241	-3.9143348e-08	0.00031804809	-0.005477098	-0.10039503	0.7028119	0.014725071	10024.331732034683
66	2.5750246	118.158104	4.452094e-27	0.015810277	0.007905139	2289.0	0.0011388059701492538	1.2403672	2010000	-2.0345052e-09	0.04395372	-7.538928e-09	-0.001697692	-0.025258822	-0.10863112	0.69861424	0.011631618	10185.776765584946
67	2.5628495	114.70385	0.0	0.0	0.0	2289.0	0.0011220588235294118	1.2482853	2040000	-5.086263e-10	0.01837118	0.0	-0.010862715	-0.008947151	-0.16370955	0.69593966	0.017764391	10343.658878326416
68	2.555211	122.45492	0.0	0.028688524	0.012295082	2296.0	0.0011091787439613528	1.2221081	2070000	1.0172526e-09	0.090313286	4.6902013e-08	-0.0066682566	-0.06248916	-0.17056094	0.6929233	0.01697017	10522.182968854904
69	2.541012	115.567566	1.0796137e-10	0.019305019	0.011583012	2301.0	0.0010957142857142858	1.192098	2100000	-7.1207684e-09	0.123291634	2.3565697e-07	-0.018274195	-0.078145854	-1.2800643	0.686009	0.012755513	10713.847445249557
70	2.5403018	119.712	2.3112008e-26	0.024	0.012	2307.0	0.0010830985915492959	1.2199687	2130000	-6.612142e-09	0.10480241	5.3405763e-08	-0.006221939	-0.07394472	-0.13699122	0.68914	0.011426607	10894.03841662407
71	2.4922433	113.40151	0.0	0.022727273	0.011363637	2313.0	0.0010708333333333334	1.1896365	2160000	7.629395e-10	0.058032505	-2.8899223e-08	0.002442963	-0.039715543	-0.14341645	0.6903789	0.017635318	11105.57139968872
72	2.6481574	127.98718	2.76e-43	0.042735044	0.017094018	2323.0	0.0010607305936073059	1.2324619	2190000	1.4750163e-08	0.05737324	-1.2226595e-08	-0.002965098	-0.03644927	-0.19219606	0.6833673	0.018770626	11299.876550197601
73	2.4997075	130.39131	3.690099e-24	0.017391304	0.008695652	2327.0	0.0010481981981981983	1.1780221	2220000	-7.1207684e-09	0.32669	3.814697e-07	-0.0075272336	-0.2407228	-0.12264906	0.6855585	0.013436043	11474.40427660942
74	2.6021147	123.41152	0.0	0.024691358	0.012345679	2333.0	0.0010368888888888888	1.1842297	2250000	-1.5004476e-08	0.058380302	9.811464e-09	-0.0058801393	-0.033547685	-0.12376877	0.68133104	0.012110336	11672.97916674614
75	2.5644007	114.877396	6.75535e-40	0.03448276	0.007662835	2342.0	0.0010271929824561404	1.237795	2280000	1.0172526e-09	0.049373716	-2.996218e-07	-0.00845409	-0.029804474	-0.1346322	0.6728068	0.01766206	11917.416112184525
76	2.509405	114.42367	9.616878e-31	0.045801528	0.022900764	2354.0	0.001019047619047619	1.2244606	2310000	-2.2379558e-08	0.07057205	-4.367974e-08	-0.009650076	-0.045571245	-0.14621691	0.66502565	0.018197713	12157.639303684235
77	2.5625703	120.46371	0.00014691113	0.04032258	0.012096774	2364.0	0.0010102564102564102	1.179549	2340000	3.051758e-09	0.11417107	-8.0754674e-08	-0.01411897	-0.047409624	-0.114027336	0.6668669	0.017536782	12424.137489557266
78	2.4648714	115.54826	1.9682741e-34	0.023166023	0.0077220076	2370.0	0.001	1.1633162	2370000	1.8310548e-08	0.096546456	-3.6821401e-09	0.0026720534	-0.07480782	-0.12409054	0.6677932	0.010827552	12735.136707305908
79	2.5589526	114.53257	3.76e-42	0.053639848	0.007662835	2384.0	0.0009933333333333333	1.2634958	2400000	1.4241537e-08	0.02762179	-2.9231396e-08	-0.0014535319	-0.012991923	-0.09528162	0.6732062	0.016171934	13039.63154244423
80	2.618647	123.83471	0.0	0.0	0.0	2384.0	0.0009810699588477367	1.2247176	2430000	8.646647e-09	0.08628655	-3.1526423e-07	-0.009110106	-0.058170885	-0.12968507	0.6761913	0.011736357	13368.93488907814
81	2.5502832	126.43882	0.0	0.0	0.0	2384.0	0.0009691056910569105	1.1938962	2460000	-7.3750814e-09	0.108484656	3.8629844e-07	-0.009628848	-0.060401082	-0.119484365	0.6719451	0.011151603	13715.23368382454
82	2.5627456	122.6749	0.0	0.008230452	0.008230452	2386.0	0.0009582329317269076	1.1398859	2490000	7.1207684e-09	0.2297904	1.9622928e-07	-0.014129734	-0.12814397	-0.14399847	0.672613	0.018848412	14081.477310180664
83	2.5944293	121.52846	0.0	0.0	0.0	2386.0	0.0009468253968253969	1.1900208	2520000	1.0681153e-08	0.08611834	1.5506899e-08	-0.008602924	-0.06487108	-0.16465823	0.67367446	0.015207786	14440.862759113312
84	2.6027336	119.26295	0.0	0.03187251	0.011952192	2394.0	0.0009388235294117647	1.2276318	2550000	-3.051758e-09	0.06315561	0.0	-0.004750145	-0.030578468	-0.10784996	0.671575	0.00878514	14810.366913318634
85	2.5587223	108.82847	8.5351055e-35	0.01459854	0.00729927	2398.0	0.0009294573643410853	1.2775964	2580000	5.086263e-09	0.020167049	1.7402816e-07	-0.0132017415	-0.012380567	-0.14146794	0.66961825	0.013984954	15193.773072481155
86	2.444908	114.37405	0.0	0.0	0.0	2398.0	0.0009187739463601532	1.2565596	2610000	-1.5513102e-08	0.19518271	1.4559913e-08	-0.0023424088	-0.15141924	-0.13838995	0.669434	0.0152276615	15572.264986276627
87	2.6074395	123.67769	1.1187546e-12	0.024793388	0.008264462	2404.0	0.0009106060606060606	1.1732075	2640000	-5.086263e-09	0.0974418	-1.418689e-07	0.00010259603	-0.054205693	-0.1428666	0.67094624	0.016592596	15925.941406726837
88	2.5777657	123.1893	1.1648406e-07	0.008230452	0.008230452	2406.0	0.000901123595505618	1.2059197	2670000	-7.3750814e-09	0.070083596	2.6098493e-07	-0.010943498	-0.034814823	-0.16630158	0.6659814	0.020052422	16282.707196950912
89	2.5483966	115.139	0.0	0.0	0.0	2406.0	0.0008911111111111111	1.239943	2700000	2.5431315e-09	0.041912038	5.154996e-08	0.0017724355	-0.024908263	-0.16160464	0.66194797	0.011682017	16649.93789744377
90	2.5820196	120.67742	0.0	0.008064516	0.004032258	2408.0	0.0008820512820512821	1.2104281	2730000	-2.7974447e-09	0.10385618	6.9218295e-08	0.00058572844	-0.07663007	-0.13243833	0.6629468	0.0125603	17013.364805221558
91	2.5733767	126.35865	0.0	0.0	0.0	2408.0	0.000872463768115942	1.2048794	2760000	4.9591065e-09	0.09496107	-3.2191537e-08	-0.0030043314	-0.047598034	-0.10611137	0.6621633	0.01657828	17368.66822719574
92	2.5951958	118.221344	0.00016339403	0.011857707	0.007905139	2411.0	0.0008641577060931899	1.2311475	2790000	0.0	0.04721174	-2.6386246e-08	0.0011604812	-0.031786673	-0.18119743	0.6551864	0.009142668	17735.341349840164
93	2.5058994	118.09449	0.0	0.007874016	0.003937008	2413.0	0.0008556737588652482	1.209866	2820000	-4.0690105e-09	0.056516513	-6.7583215e-08	-0.0001817932	-0.020033881	-0.14279741	0.65747005	0.017501408	18091.694123983383
94	2.4839916	133.78572	4.046296e-09	0.017857144	0.008928572	2417.0	0.0008480701754385965	1.1467191	2850000	8.010864e-09	0.14135663	2.3841858e-07	-0.010654588	-0.08108	-0.13727568	0.6507284	0.013463074	18438.358600854874
95	2.4460332	112.275475	0.0	0.0	0.0	2417.0	0.0008392361111111111	1.1559867	2880000	-8.9009605e-10	0.083731525	-3.598771e-09	-0.012083942	-0.0439446	-0.15648109	0.6505337	0.018387875	18802.494171380997
96	2.4726353	121.73984	3.4592397e-36	0.020325202	0.008130081	2422.0	0.0008323024054982818	1.1093848	2910000	-1.0172526e-09	0.10374045	-3.1013798e-08	-2.0204672e-05	-0.047379274	-0.124823965	0.6503491	0.014094389	19157.51506972313
97	2.5582852	123.25514	0.0	0.016460905	0.008230452	2426.0	0.0008251700680272109	1.1719869	2940000	-2.0345052e-09	0.051794015	-1.098884e-07	-0.011100245	-0.021456938	-0.13913687	0.6540858	0.011440263	19503.185702085495
98	2.5093713	133.88393	1.7055324e-20	0.008928572	0.004464286	2428.0	0.0008175084175084175	1.1219691	2970000	-2.0345052e-09	0.08476521	-8.51495e-09	-0.009211669	-0.038637053	-0.22314194	0.65459365	0.01962893	19836.333093881607
99	2.5175362	124.79747	2e-43	0.008438818	0.008438818	2430.0	0.00081	1.0984954	3000000	6.103516e-09	0.065264665	-1.00598555e-07	-0.0011756194	-0.027969085	-0.1327907	0.64763856	0.016274842	20172.84567117691
100	2.5258374	127.47659	9.554055e-36	0.004255319	0.004255319	2431.0	0.0008023102310231023	1.1488345	3030000	5.5948894e-09	0.078459345	4.0581885e-08	-0.011785928	-0.033877596	-0.13257456	0.63860667	0.01092151	20512.549889564514
101	2.5660112	125.301254	0.0	0.0	0.0	2431.0	0.0007944444444444444	1.1809402	3060000	0.0	0.07839833	-8.379565e-08	0.0001950053	-0.041954953	-0.13145529	0.63205194	0.011672802	20863.671234369278
102	2.5901992	139.63551	0.0	0.014018691	0.009345794	2434.0	0.0007877022653721683	1.1685923	3090000	-1.4241537e-08	0.115141004	0.0	-0.0018852844	-0.06256332	-0.12077456	0.63909936	0.0101068225	21191.651970148087
103	2.5609481	131.77533	0.0	0.0	0.0	2434.0	0.0007801282051282052	1.1168088	3120000	6.103516e-09	0.10846779	2.520725e-08	-0.009782925	-0.042351536	-0.15787119	0.63329506	0.019477524	21520.81843304634
104	2.532291	110.12267	0.0	0.0	0.0	2434.0	0.0007726984126984127	1.2619338	3150000	8.646647e-09	0.059015855	4.2543093e-08	0.0006408976	-0.036665004	-0.16855216	0.6307957	0.015531691	21882.355407476425
105	2.3874614	117.10156	0.0	0.0	0.0	2434.0	0.0007654088050314465	1.1750534	3180000	-2.0345052e-09	0.092741884	-1.4901161e-08	-0.0028124675	-0.050519854	-0.19880553	0.6261863	0.012432011	22241.48598408699
106	2.5181262	126.01688	0.0	0.008438818	0.004219409	2436.0	0.0007588785046728972	1.1281029	3210000	-5.086263e-09	0.08191928	1.5693374e-07	-0.00852811	-0.037288617	-0.074919954	0.62932783	0.018770814	22580.48132276535
107	2.5346754	128.62231	0.0	0.0	0.0	2436.0	0.0007518518518518519	1.1638936	3240000	4.0690105e-09	0.062932886	6.5488365e-08	-0.011244278	-0.02235743	-0.16045529	0.6219024	0.0195964	22922.645658493042
108	2.5418816	116.24419	0.0	0.0	0.0	2436.0	0.000744954128440367	1.2007565	3270000	2.0345052e-09	0.03483608	-6.653542e-08	-0.010343314	-0.018403407	-0.15360852	0.62541974	0.015369763	23276.546798944473
109	2.5036662	141.83887	0.0	0.014218009	0.0047393367	2439.0	0.0007390909090909091	1.065653	3300000	1.0172526e-09	0.16168782	-4.5197837e-08	-0.01027233	-0.09671574	-0.1421881	0.6237805	0.014997711	23601.826574087143
110	2.5196247	120.96708	0.0011177408	0.016460905	0.008230452	2443.0	0.0007336336336336337	1.166933	3330000	0.0	0.052852243	5.49442e-08	-0.016961746	-0.021974035	-0.14452896	0.6284725	0.01588036	23933.573290348053
111	2.5883882	123.84232	1.0599072e-10	0.016597511	0.008298756	2447.0	0.0007282738095238095	1.1894852	3360000	8.138021e-09	0.074683025	-6.331448e-08	-0.009683084	-0.035876855	-0.19687244	0.6287446	0.013317888	24272.863234996796
112	2.461398	115.65251	0.0	0.0	0.0	2447.0	0.0007218289085545723	1.179925	3390000	1.2207032e-08	0.075315885	-8.8371365e-08	-0.012654252	-0.034707747	-0.25394464	0.6277695	0.015527029	24618.74796628952
113	2.5635908	111.52045	0.0	0.0	0.0	2447.0	0.0007154970760233918	1.283907	3420000	1.2207032e-08	0.015794687	1.7726288e-07	-0.003938449	-0.0065353364	-0.13773885	0.6241224	0.0120993	24971.465545892715
114	2.5082896	121.731705	0.0	0.0	0.0	2447.0	0.0007092753623188406	1.226635	3450000	1.1189779e-08	0.12758681	3.8767247e-08	-0.0067801503	-0.084878474	-0.15788771	0.6249629	0.016782772	25309.765727996826
115	2.4949927	121.849594	0.0	0.0	0.0	2447.0	0.0007031609195402299	1.0738236	3480000	-2.0345052e-09	0.13931938	-1.2405519e-07	-0.0065288274	-0.069403134	-0.20653215	0.62309504	0.013092169	25655.25563454628
116	2.563899	119.176	0.0	0.0	0.0	2447.0	0.0006971509971509972	1.2098546	3510000	-2.0345052e-09	0.069161765	7.629395e-08	-0.01253055	-0.049261488	-0.14990884	0.62122	0.019043202	25998.309269428253
117	2.530442	113.62357	0.0	0.0	0.0	2447.0	0.0006912429378531074	1.2311114	3540000	-7.629395e-10	0.064535856	-6.8896625e-08	-0.0033951164	-0.03483384	-0.15145507	0.6194533	0.012494212	26345.160135030746
118	2.570429	123.34979	0.0	0.0	0.0	2447.0	0.0006854341736694678	1.2210633	3570000	0.0	0.047542915	1.4913425e-07	-0.01030827	-0.031819157	-0.17451738	0.6198302	0.015893832	26680.292501449585
119	2.6788647	127.44255	0.0	0.0	0.0	2447.0	0.0006797222222222222	1.2472913	3600000	-4.0690105e-09	0.059234716	-2.1914218e-07	-0.0126112895	-0.030447429	-0.15712057	0.61832005	0.011346195	27015.11791062355
120	2.563557	112.9434	0.0	0.0	0.0	2447.0	0.0006741046831955922	1.2598361	3630000	-7.1207684e-09	0.05215167	2.8790168e-08	-0.013422801	-0.037615094	-0.15424292	0.6188427	0.017161528	27368.745106220245
121	2.500422	104.89436	0.0	0.0035211267	0.0035211267	2448.0	0.0006688524590163934	1.2674979	3660000	0.0	0.053999435	-6.3802155e-08	-0.0018891485	-0.042579297	-0.19867222	0.6191159	0.017443992	27722.99794435501
122	2.6522992	122.3551	0.0009266866	0.020408163	0.008163265	2453.0	0.0006647696476964769	1.2740376	3690000	0.0	0.059230626	3.6200697e-07	-0.009698159	-0.041021362	-0.12914345	0.61772203	0.012555418	28057.211794376373
123	2.5152535	107.852516	2.7076646e-29	0.0035971224	0.0035971224	2454.0	0.0006596774193548387	1.223218	3720000	-1.525879e-09	0.027899634	-6.8609665e-09	0.0011328659	-0.016932897	-0.11182607	0.61501825	0.014325784	28418.90054655075
124	2.584843	120.82258	0.0	0.0	0.0	2454.0	0.0006544	1.2335871	3750000	1.2207032e-08	0.03513962	-2.0765489e-07	-0.014144389	-0.015831323	-0.15043318	0.61670923	0.019236531	28755.442945718765
125	2.5871236	111.6903	0.0	0.0	0.0	2454.0	0.0006492063492063492	1.2799547	3780000	-1.1698405e-08	0.028755978	3.7008257e-07	-0.009802742	-0.014722691	-0.16114394	0.61355144	0.012714036	29096.36460208893
126	2.6035445	113.98099	0.0	0.0114068445	0.0038022813	2457.0	0.0006448818897637795	1.276204	3810000	2.0345052e-09	0.02391954	-2.6108194e-07	-0.0055718003	-0.015596325	-0.18746927	0.6111242	0.014667141	29435.985407829285
127	2.5562022	107.078575	0.0	0.007142857	0.0035714286	2459.0	0.0006403645833333333	1.3000556	3840000	1.0172526e-08	0.03435545	-1.3623919e-08	-0.0023146912	-0.023728304	-0.067218915	0.6074043	0.011835604	29797.20972967148
128	2.569019	108.70182	0.0	0.014545455	0.0072727273	2463.0	0.0006364341085271318	1.3021497	3870000	-4.0690105e-09	0.01887964	3.4679065e-08	0.0045848284	-0.011670498	-0.13005506	0.6104448	0.011280376	30148.782518148422
129	2.5945237	112.72556	3.5469147e-24	0.007518797	0.007518797	2465.0	0.0006320512820512821	1.3077253	3900000	-9.918213e-09	0.031693984	-1.2189822e-07	0.004359763	-0.016410258	-0.16484892	0.6043361	0.016765822	30501.364951848984
130	2.4773464	109.70696	0.0	0.0036630037	0.0036630037	2466.0	0.0006274809160305343	1.2352456	3930000	-2.415975e-09	0.0667714	-6.986625e-08	-0.0036882805	-0.05434286	-0.17447288	0.60528713	0.016442202	30851.27794599533
131	2.4993157	111.36803	1.2581927e-10	0.0111524165	0.007434944	2469.0	0.0006234848484848485	1.2629428	3960000	-2.0345052e-09	0.07144362	3.8997833e-08	0.0009453756	-0.053333726	-0.106574714	0.5983456	0.013398018	31202.527567625046
132	2.5657015	110.09191	0.0	0.0	0.0	2469.0	0.000618796992481203	1.2940046	3990000	8.138021e-09	0.028106898	1.4725853e-07	-0.014689723	-0.017928055	-0.1551808	0.5975065	0.016101895	31553.491430044174
133	2.567464	116.63424	2.0516038e-22	0.038910504	0.0116731515	2479.0	0.0006166666666666666	1.238583	4020000	-3.051758e-09	0.07117118	7.42159e-08	-0.0041292957	-0.03830377	-0.17429443	0.59523255	0.012825076	31898.56694173813
134	2.581715	111.80899	0.0	0.0	0.0	2479.0	0.0006120987654320987	1.2465817	4050000	-8.138021e-09	0.05161516	5.7149023e-08	-0.0074613295	-0.033371955	-0.12517448	0.5908323	0.010859491	32252.513669490814
135	2.5779994	121.333336	0.0	0.0121951215	0.0040650405	2482.0	0.0006083333333333333	1.2180938	4080000	-1.0172526e-09	0.13427377	-1.4053127e-07	-0.01501934	-0.107399195	-0.14092591	0.5898202	0.017680038	32589.165101766586
136	2.5297604	111.93657	0.0	0.03358209	0.01119403	2491.0	0.0006060827250608272	1.2501636	4110000	-1.0172526e-08	0.044450406	3.380562e-08	-0.00019296672	-0.032234885	-0.107557304	0.59522647	0.015182723	32940.203447818756
137	2.6387188	117.145096	0.0	0.0	0.0	2491.0	0.0006016908212560386	1.2889718	4140000	0.0	0.028157853	-1.5707577e-07	0.0036898076	-0.018618748	-0.22114034	0.59138685	0.0147651285	33281.67895555496
138	2.5211852	116.60311	1.0694835e-05	0.031128405	0.0116731515	2499.0	0.0005992805755395684	1.2656914	4170000	5.086263e-09	0.1172853	3.3397153e-08	-0.0015156199	-0.08650351	-0.11262322	0.59377825	0.01689856	33630.41314911842
139	2.490066	115.858826	0.0	0.0	0.0	2499.0	0.000595	1.1559341	4200000	-2.5431315e-09	0.11381453	1.5333588e-07	-0.012212923	-0.0776324	-0.16179474	0.5902287	0.014656911	33980.91319513321
140	2.5158093	116.0	0.0	0.023809524	0.015873017	2505.0	0.0005921985815602837	1.1580764	4230000	-1.2207032e-08	0.11891667	3.0275377e-08	-0.015478107	-0.07387585	-0.1550598	0.58944815	0.013957096	34325.80756998062
141	2.5577111	122.62295	0.0	0.012295082	0.008196721	2508.0	0.0005887323943661972	1.1714	4260000	-4.3233235e-09	0.093624905	-1.01621026e-07	-0.011680677	-0.04974066	-0.17666787	0.5919295	0.016906448	34658.97261452675
142	2.5657723	107.73741	4.5977865e-07	0.010791367	0.010791367	2511.0	0.0005853146853146853	1.3075372	4290000	-6.612142e-09	0.012198032	-9.605353e-08	-0.010492932	-0.0060215504	-0.20187958	0.5872874	0.016533341	35019.65281367302
143	2.6035502	114.84291	0.0	0.0	0.0	2511.0	0.00058125	1.3019365	4320000	-5.086263e-10	0.04839917	-8.769419e-08	-0.0066324864	-0.030681795	-0.1731693	0.58259416	0.011896357	35378.96269607544
144	2.619053	112.6203	0.0	0.0	0.0	2511.0	0.0005772413793103448	1.3055369	4350000	8.646647e-09	0.04043061	3.9437662e-08	-0.00690244	-0.016504183	-0.138625	0.5829849	0.010778757	35728.82674026489
145	2.5034888	105.46479	7.344837e-19	0.02112676	0.01056338	2517.0	0.0005746575342465754	1.275799	4380000	3.3315022e-08	0.07236303	-4.0296097e-08	-0.0017784066	-0.052161492	-0.1345805	0.58363247	0.012950906	36097.130068063736
146	2.5419626	116.385216	0.0	0.0	0.0	2517.0	0.0005707482993197279	1.2299258	4410000	-4.0690105e-09	0.051935695	1.0390226e-07	-0.014249701	-0.028636895	-0.17605662	0.5826338	0.017624825	36444.5385890007
147	2.5192168	115.36539	0.0	0.0	0.0	2517.0	0.0005668918918918919	1.2151291	4440000	0.0	0.08980536	-9.536743e-08	-0.0075299437	-0.06706737	-0.11669228	0.5794481	0.010456229	36797.887640714645
148	2.5878456	118.26087	1.2604204e-35	0.015810277	0.007905139	2521.0	0.0005639821029082774	1.2026948	4470000	9.155274e-09	0.047820568	-2.7328612e-08	-0.0055794977	-0.025626538	-0.2337418	0.57486886	0.015413405	37147.86664175987
149	2.6068468	121.068825	0.0	0.008097166	0.004048583	2523.0	0.0005606666666666667	1.2322265	4500000	5.086263e-09	0.043367628	-1.08108836e-07	-0.017360143	-0.022422478	-0.181243	0.57399595	0.014115437	37487.146530628204
150	2.5110507	112.17229	1.6881133e-10	0.007490637	0.0037453184	2525.0	0.0005573951434878588	1.260914	4530000	1.6784668e-08	0.069602475	2.0002159e-07	-0.00757986	-0.048663232	-0.16162993	0.5678589	0.013922545	37839.98828077316
151	2.5152154	103.38276	0.0	0.013793103	0.0034482758	2529.0	0.0005546052631578948	1.2918533	4560000	5.5948894e-09	0.01799113	6.577064e-08	-0.007703089	-0.009462999	-0.12970804	0.5666936	0.0111688785	38201.805990457535
152	2.52284	111.34201	0.0	0.0	0.0	2529.0	0.0005509803921568627	1.28138	4590000	1.3987224e-08	0.06707003	-1.7726288e-09	-0.0031756873	-0.03723754	-0.20762935	0.56349295	0.013970441	38557.12877058983
153	2.5700684	117.08594	3.179643e-32	0.01953125	0.01171875	2534.0	0.0005484848484848485	1.2238345	4620000	0.0	0.04040792	-4.0978193e-08	0.0007109131	-0.01578237	-0.17470872	0.5651711	0.015497901	38895.43225860596
154	2.5348322	110.10037	0.0	0.0	0.0	2534.0	0.0005449462365591398	1.240627	4650000	-1.93278e-08	0.04841997	-4.9633606e-08	-0.008256122	-0.033557117	-0.1794797	0.5663763	0.016579175	39250.04111409187
155	2.501975	118.916664	4.712624e-23	0.035714287	0.007936508	2543.0	0.0005433760683760684	1.2002504	4680000	1.373291e-08	0.053128846	-1.6651457e-07	-0.0039113783	-0.025259864	-0.13255563	0.5626069	0.0107278805	39589.51987338066
156	2.5719688	118.77778	0.0	0.01984127	0.011904762	2548.0	0.0005409766454352442	1.2358054	4710000	7.629395e-10	0.07176081	-1.6651457e-07	-0.0162934	-0.046805676	-0.13585736	0.5642733	0.011648066	39929.809674263
157	2.559941	113.503784	7.74844e-40	0.011363637	0.003787879	2551.0	0.0005381856540084388	1.2644768	4740000	3.051758e-09	0.049098194	1.7700773e-07	-0.008464992	-0.032673903	-0.17256446	0.56363696	0.014745077	40272.686049222946
158	2.5323658	136.27727	1.37e-43	0.009090909	0.0045454544	2553.0	0.0005352201257861635	1.1729918	4770000	-1.525879e-08	0.11337996	-7.3693016e-08	-0.0065960214	-0.07019702	-0.18494274	0.5603135	0.017795932	40589.33556723595
159	2.5729373	112.86415	0.0	0.026415095	0.00754717	2560.0	0.0005333333333333334	1.2582428	4800000	-9.155274e-09	0.03375869	-1.5114838e-07	-0.015663814	-0.020468593	-0.17352848	0.55501556	0.01656878	40936.3655359745
160	2.5528889	114.795364	0.0	0.011583012	0.0077220076	2563.0	0.0005306418219461698	1.2661159	4830000	-1.6784668e-08	0.056668825	-1.3255705e-07	0.000962825	-0.03683326	-0.19638155	0.55869913	0.016956225	41284.90636444092
161	2.606825	111.902985	1.4521531e-09	0.0074626864	0.0037313432	2565.0	0.0005277777777777777	1.2993588	4860000	-1.93278e-08	0.019663	-2.2062615e-07	-0.016448522	-0.010060371	-0.14068843	0.55805767	0.0138575565	41634.0766043663
162	2.5850601	114.11539	0.0	0.0	0.0	2565.0	0.0005245398773006135	1.2396915	4890000	-1.6276042e-08	0.042639818	8.069552e-08	0.0003033193	-0.025236633	-0.17408662	0.55543387	0.020440405	41981.21341586113
163	2.5508268	107.32258	1.08173135e-23	0.017921148	0.007168459	2570.0	0.0005223577235772358	1.311701	4920000	-3.051758e-09	0.0146974325	6.494556e-08	0.00068506674	-0.0056936666	-0.12761207	0.55790585	0.013305509	42336.37252879143
164	2.542906	112.17229	0.0002348049	0.029962547	0.014981274	2578.0	0.0005208080808080808	1.2619344	4950000	8.138021e-09	0.042889334	1.0715442e-07	-0.011730105	-0.031031534	-0.17311087	0.55510867	0.01826852	42688.17684292793
165	2.596438	119.43028	6.1637735e-23	0.011952192	0.003984064	2581.0	0.0005182730923694779	1.2656044	4980000	-1.4241537e-08	0.13239588	3.0395995e-08	-0.01857912	-0.117899336	-0.20085719	0.5549198	0.01214193	43029.8234910965
166	2.4300532	114.498085	0.0	0.0038314175	0.0038314175	2582.0	0.0005153692614770459	1.1693728	5010000	4.0690105e-09	0.075302996	8.0386336e-08	-0.0008744853	-0.04726196	-0.0978059	0.5561419	0.0126329	43362.17523884773
167	2.4056191	125.45188	4.5850808e-23	0.016736401	0.008368201	2586.0	0.0005130952380952381	1.0784414	5040000	0.0	0.28042117	7.3819976e-08	-0.0056887595	-0.19804624	-0.1943702	0.5555008	0.01249195	43700.291184186935
168	2.5732584	113.68821	0.0	0.0	0.0	2586.0	0.0005100591715976331	1.2432698	5070000	4.0690105e-09	0.049112972	1.1603642e-07	-0.011436984	-0.031530872	-0.12297891	0.5513025	0.010890845	44045.40389728546
169	2.6449382	120.814514	1.6054461e-16	0.012096774	0.008064516	2589.0	0.0005076470588235294	1.2674205	5100000	-1.3224284e-08	0.02917688	2.0765489e-07	-0.013976552	-0.010362815	-0.16935375	0.5477033	0.015200256	44381.33575677872
170	2.5011027	109.772896	7.156026e-09	0.010989011	0.0073260074	2592.0	0.0005052631578947368	1.3066847	5130000	1.0172526e-08	0.21882515	-4.8906376e-08	-0.0016199234	-0.1984294	-0.13945824	0.5492586	0.012764894	44731.03162956238
171	2.410004	122.30204	1.1168278e-37	0.04897959	0.020408163	2604.0	0.0005046511627906976	1.1253649	5160000	-8.138021e-09	0.2226708	2.3355288e-07	-0.011270591	-0.19501904	-0.16559169	0.549072	0.014604212	45059.21414232254
172	2.5262604	112.886795	7.168342e-30	0.03018868	0.01509434	2612.0	0.0005032755298651253	1.2049202	5190000	0.0	0.105894335	-2.5191397e-07	-0.0063071474	-0.07496563	-0.13658094	0.5521884	0.009975498	45403.066902160645
173	2.5527372	117.49804	1.3788519e-38	0.019607844	0.007843138	2617.0	0.0005013409961685824	1.2451396	5220000	-1.0172526e-09	0.07635646	5.983839e-08	-0.011587118	-0.05057119	-0.16901664	0.54608196	0.017168202	45738.40588593483
174	2.5984983	116.40856	0.0	0.007782101	0.0038910506	2619.0	0.0004988571428571429	1.2162145	5250000	4.0690105e-09	0.08254438	4.452954e-08	-0.0012628743	-0.066899724	-0.1611261	0.5459151	0.018064957	46082.90824961662
175	2.5144997	113.42424	0.0	0.003787879	0.003787879	2620.0	0.0004962121212121212	1.2544405	5280000	3.8146974e-09	0.09252256	0.0	-0.002208824	-0.075398356	-0.13617262	0.546102	0.01335704	46426.79351186752
176	2.5571902	118.288536	0.0	0.0	0.0	2620.0	0.0004934086629001883	1.2005628	5310000	-1.0172526e-09	0.1510695	6.031142e-08	0.0022082434	-0.08575308	-0.10992938	0.5444837	0.015781587	46775.55999541283
177	2.5924482	115.83012	0.0	0.0	0.0	2620.0	0.0004906367041198502	1.2456332	5340000	1.3987224e-08	0.04837405	-7.3642803e-09	0.0024375855	-0.023505019	-0.12355798	0.5443043	0.011650327	47119.85975193977
178	2.5944123	126.333336	1.78e-42	0.004219409	0.004219409	2621.0	0.00048808193668528865	1.243478	5370000	1.0172526e-08	0.11381244	-6.23711e-08	0.0014082158	-0.078422576	-0.32908404	0.54293436	0.017764214	47444.45187783241
179	2.542952	111.12267	0.0	0.007434944	0.007434944	2623.0	0.00048574074074074074	1.260135	5400000	4.0690105e-09	0.07161973	-9.21767e-08	-0.0035845505	-0.050586678	-0.16268994	0.54288626	0.015735224	47792.90622138977
180	2.5587943	117.767715	0.0	0.0	0.0	2623.0	0.0004830570902394107	1.2470521	5430000	8.138021e-09	0.18883505	-3.7546233e-09	0.0009617971	-0.15984927	-0.1081864	0.54252136	0.013739326	48130.12965273857
181	2.5529902	119.68	4.5103993e-23	0.016	0.004	2627.0	0.0004811355311355311	1.2095542	5460000	-8.138021e-09	0.047289837	-3.051758e-08	-0.00012118022	-0.023831826	-0.16982706	0.5411897	0.015309913	48470.31302237511
182	2.431435	118.36759	1.5317592e-24	0.007905139	0.0039525693	2629.0	0.00047887067395264115	1.0940026	5490000	7.1207684e-09	0.03950693	1.1308392e-08	-0.015010012	-0.021549601	-0.16722009	0.5419365	0.017445195	48803.19348239899
183	2.4701438	123.36214	2.094248e-17	0.049382716	0.020576132	2641.0	0.00047844202898550723	1.0584015	5520000	-6.103516e-09	0.22975866	4.5132733e-08	0.0019864826	-0.12489198	-0.17876941	0.5422878	0.01400188	49123.503519535065
184	2.3813596	121.36032	2.4637202e-18	0.04048583	0.016194332	2651.0	0.00047765765765765765	1.0438256	5550000	9.155274e-09	0.079317585	1.08108836e-07	-0.016008563	-0.04238303	-0.21248981	0.543682	0.013737943	49452.372505664825
185	2.528504	118.35573	2.321537e-13	0.015810277	0.011857707	2655.0	0.0004758064516129032	1.2095621	5580000	3.4077964e-08	0.0790062	-6.785035e-08	-0.0063457964	-0.049733102	-0.17174989	0.54586416	0.017408505	49774.6715965271
186	2.5872092	111.522385	0.0	0.0074626864	0.0037313432	2657.0	0.00047361853832442066	1.2660384	5610000	-1.0172526e-09	0.025047278	2.9891285e-07	-0.009330169	-0.008569028	-0.12570359	0.5458224	0.010190927	50116.99221801758
187	2.5499296	117.57647	4.50932e-40	0.047058824	0.015686275	2669.0	0.00047322695035460993	1.2491101	5640000	1.525879e-09	0.09206911	2.9919196e-08	-0.01247187	-0.068323135	-0.16884324	0.5460255	0.016700532	50448.509464263916
188	2.6216302	111.58209	8.601851e-28	0.03358209	0.01119403	2678.0	0.00047231040564373896	1.305037	5670000	6.103516e-09	0.040956885	-7.8286696e-08	-0.00046718447	-0.023066241	-0.13536935	0.5466024	0.0155005865	50786.80623316765
189	2.5348423	118.42293	7.878501e-09	0.027667984	0.019762846	2685.0	0.00047105263157894736	1.2239187	5700000	-6.103516e-09	0.08018145	3.6186853e-07	-0.010278187	-0.04883698	-0.18253642	0.5436229	0.013313939	51113.86889433861
190	2.5514631	110.78519	0.0	0.018518519	0.011111111	2690.0	0.0004694589877835951	1.2444808	5730000	2.2379558e-08	0.027837714	7.064254e-08	-0.009940983	-0.015838899	-0.1591653	0.5421323	0.01687891	51459.677676677704
191	2.6144414	114.35	1.3669669e-21	0.092307694	0.023076924	2714.0	0.0004711805555555556	1.2790904	5760000	-6.103516e-09	0.055069808	-7.702754e-08	-0.0064786947	-0.037524555	-0.19307289	0.5438733	0.016657388	51802.365762233734
192	2.5670657	119.11554	0.0	0.03984064	0.011952192	2724.0	0.0004704663212435233	1.2185811	5790000	6.103516e-09	0.073527314	-3.0395995e-08	-0.010674185	-0.04187141	-0.13232571	0.54191965	0.0118779335	52134.854039907455
193	2.6319141	115.32692	0.0	0.057692308	0.015384615	2739.0	0.00047061855670103094	1.2977318	5820000	-7.1207684e-09	0.0242857	6.969159e-08	-0.003272517	-0.010534924	-0.20523432	0.54567885	0.016907273	52455.41672158241
194	2.6766045	118.18972	1.92101e-23	0.03952569	0.023715414	2749.0	0.00046991452991452994	1.2850077	5850000	4.3233235e-09	0.022940813	3.9956316e-07	-0.012260259	-0.008234221	-0.19164237	0.5469173	0.016284237	52783.70851063728
195	2.5767355	110.35793	0.0	0.014760148	0.007380074	2753.0	0.00046819727891156464	1.2875502	5880000	0.0	0.020814735	-1.4076374e-08	-0.014165672	-0.007319146	-0.1873434	0.54368776	0.011799529	53126.5498213768
196	2.5693805	104.88461	0.0065180594	0.045454547	0.01048951	2766.0	0.00046802030456852793	1.3166865	5910000	8.138021e-09	0.017032808	2.0007153e-07	-0.01136615	-0.0077125505	-0.17834207	0.5454019	0.013955062	53480.48065876961
197	2.5685258	117.42745	1.03461545e-07	0.019607844	0.011764706	2771.0	0.0004664983164983165	1.2643018	5940000	1.4241537e-08	0.060420774	8.975759e-08	-0.014316361	-0.042177208	-0.19487038	0.5472818	0.018178722	53798.74801015854
198	2.54943	110.78519	0.0	0.02962963	0.0074074073	2779.0	0.00046549413735343386	1.264491	5970000	1.0172526e-08	0.03002848	-7.064254e-08	-0.010696302	-0.012125241	-0.20786518	0.5448216	0.015151339	54132.971843481064
199	2.6951604	113.14773	1.0306238e-08	0.056818184	0.022727273	2794.0	0.0004656666666666667	1.329378	6000000	-4.0690105e-09	0.02008029	-1.0114728e-07	-0.009219743	-0.0124273095	-0.25599748	0.54738647	0.012717515	54467.792293548584
