Epoch	EpRet	EpLen	EpCostRet	EpCost	EpMaxCost	CumulativeCost	CostRate	VVals	TotalEnvInteracts	LossPi	LossV	LossCost	DeltaLossPi	DeltaLossV	DeltaLossCost	Entropy	KL	Time
0	0.18516332	879.8485	3.3691016e-05	0.54545456	0.15151516	18.0	0.0006	-0.06505941	30000	-1.3224284e-08	0.16736417	1.0259224e-06	-0.0010813267	-0.07811105	-0.044805598	0.91893816	0.010320335	80.3291015625
1	-0.24168544	933.84375	5.6605904e-21	0.78125	0.1875	43.0	0.0007166666666666667	-0.01011293	60000	1.0172526e-09	0.06948211	-4.7683716e-07	-0.0008810211	-0.0159016	-0.0045083463	0.91754204	5.700969e-05	166.25347590446472
2	0.12277083	953.5484	0.0062868195	0.67741936	0.16129032	64.0	0.0007111111111111111	-0.006177873	90000	4.0690105e-09	0.060081623	-7.383285e-07	-0.0038491373	-0.00853933	-0.060233083	0.91784406	0.008175888	243.79068422317505
3	0.380055	907.8182	0.07584131	0.8484849	0.15151516	92.0	0.0007666666666666667	0.022581514	120000	-6.612142e-09	0.073718034	2.3119378e-07	-0.007267814	-0.013580546	-0.32551172	0.91658384	0.017589279	321.8372976779938
4	0.7050752	897.3939	2.0282155e-08	0.90909094	0.24242425	122.0	0.0008133333333333333	0.057528652	150000	1.4241537e-08	0.067376584	-6.7913174e-07	-0.004148684	-0.0144925825	-0.07311889	0.91750145	0.008775266	400.5820016860962
5	0.8327696	832.3611	1.1362208e-31	1.4444444	0.25	174.0	0.0009666666666666667	0.06407925	180000	-1.2207032e-08	0.047576815	1.7219119e-07	-0.0027457357	-0.008011501	-0.0091354055	0.91618305	0.0014064708	507.64421796798706
6	1.116902	818.8889	0.0	0.7777778	0.19444445	208.0	0.0009904761904761905	0.11275998	210000	-4.0690105e-09	0.049057513	-2.9140048e-07	-0.003958136	-0.005394552	-0.0025458864	0.9164809	0.006391859	613.3366210460663
7	0.9221277	806.67566	2.5164432e-20	0.5675676	0.13513513	231.0	0.0009625	0.12475399	240000	5.5948894e-09	0.06192013	6.4437455e-09	-0.0038964637	-0.008148972	-0.017599499	0.91611964	0.009093736	696.3801414966583
8	1.5069103	664.73334	9.711046e-09	0.51111114	0.13333334	254.0	0.0009407407407407408	0.17240576	270000	0.0	0.051398914	0.0	-0.0036968344	-0.012121692	-0.082442135	0.9158708	0.009061033	779.398161649704
9	1.3364279	680.7727	9.32091e-06	0.38636363	0.13636364	271.0	0.0009033333333333334	0.16139251	300000	4.0690105e-09	0.045568567	4.1181391e-07	-0.005293824	-0.011064488	-0.01174114	0.9146039	0.0029896563	887.9390640258789
10	1.7716306	630.8723	2.1093831e-33	0.31914893	0.08510638	286.0	0.0008666666666666666	0.23730004	330000	2.0345052e-09	0.043460816	3.2465508e-07	-0.005940757	-0.008244783	-0.041659374	0.9132862	0.008850513	997.6387348175049
11	1.8271964	588.68	1.1162941e-25	0.64	0.16	318.0	0.0008833333333333333	0.26288393	360000	1.4241537e-08	0.04113338	1.9073485e-07	-0.004346581	-0.010871919	-0.08739431	0.9138387	0.008164022	1108.1459670066833
12	1.5243101	648.63043	0.0063908333	1.0217391	0.19565217	365.0	0.0009358974358974359	0.19658735	390000	6.612142e-09	0.03137042	8.29282e-08	-0.008633019	-0.007332204	-0.0012697966	0.91284597	0.0054312143	1217.2938814163208
13	1.9395671	544.5926	1.8251755e-07	0.2962963	0.055555556	381.0	0.0009071428571428571	0.3146461	420000	-2.2379558e-08	0.029527996	5.2981907e-08	-0.008824971	-0.0056193694	-0.13968417	0.91323465	0.008716937	1304.8014552593231
14	2.1450338	467.3125	6.106975e-08	0.375	0.109375	405.0	0.0009	0.3525965	450000	1.0172526e-09	0.036706522	1.7881393e-07	-0.0072389212	-0.009945141	-0.08912116	0.9105525	0.013012308	1399.9884836673737
15	1.9680256	521.8596	0.0	0.0	0.0	405.0	0.00084375	0.35429955	480000	-1.373291e-08	0.028824663	-6.6924514e-08	-0.008179938	-0.004277829	-0.021950286	0.90894014	0.011386445	1513.2373268604279
16	2.115556	458.90768	1.28319135e-11	0.72307694	0.12307692	452.0	0.0008862745098039216	0.33075944	510000	-5.086263e-10	0.036565106	-1.0270339e-07	-0.008865821	-0.009248031	-0.26949298	0.9070692	0.013763922	1629.8532891273499
17	2.4022317	410.9589	1.924498e-26	0.43835616	0.09589041	484.0	0.0008962962962962963	0.4742362	540000	-6.612142e-09	0.044631213	-2.6128063e-08	-0.005970672	-0.015434025	-0.1083733	0.9025909	0.011103229	1750.4375863075256
18	2.480641	424.71014	1.6983764e-10	0.49275362	0.17391305	522.0	0.0009157894736842105	0.48312917	570000	5.086263e-09	0.038085315	-1.243923e-07	-0.0033171764	-0.0068038665	-0.07924445	0.8991134	0.011218683	1838.9370131492615
19	2.4890225	365.2439	1.217073e-14	0.9878049	0.19512194	603.0	0.001005	0.56223243	600000	9.6639e-09	0.034181662	-2.7912418e-07	-0.003807653	-0.0065536015	-0.1641025	0.8953173	0.012621464	1942.8609607219696
20	2.3102255	347.47675	0.003069225	0.6627907	0.08139535	660.0	0.0010476190476190477	0.5583012	630000	6.103516e-09	0.033033125	7.4852345e-08	-0.011725336	-0.006634673	-0.03873877	0.8927178	0.01035459	2069.518710374832
21	2.2599459	340.4659	4.134895e-31	0.53409094	0.09090909	707.0	0.0010712121212121213	0.51530194	660000	-1.1189779e-08	0.03727767	8.669767e-08	-0.007640127	-0.010933407	-0.09602322	0.8902108	0.009155396	2196.650416135788
22	2.4306073	323.51648	2.3655672e-19	0.53846157	0.0989011	756.0	0.0010956521739130434	0.5656951	690000	-1.0172526e-08	0.037446134	3.6679783e-08	-0.009198253	-0.007950552	-0.09457749	0.8877388	0.016722903	2324.837640285492
23	2.4544907	273.21295	1.6725949e-15	0.28703704	0.10185185	805.0	0.0011180555555555555	0.7144569	720000	1.7293294e-08	0.0664631	1.9426699e-07	-0.012618414	-0.027061567	-0.14839739	0.88418204	0.017030532	2461.5506098270416
24	2.6314955	362.18292	1.2843812e-10	0.8780488	0.20731707	877.0	0.0011693333333333334	0.62160397	750000	-6.103516e-09	0.06752348	-1.1630174e-07	-0.006739736	-0.018756296	-0.12888654	0.880366	0.01158354	2554.3492407798767
25	2.5393305	306.23157	0.00755345	0.55789477	0.15789473	930.0	0.0011923076923076924	0.6621728	780000	-2.7974447e-09	0.058703214	-4.4170181e-07	-0.011754326	-0.010282461	-0.14941977	0.8795233	0.01138881	2686.5322115421295
26	2.4441128	245.16394	2.1995964e-13	0.6721311	0.08196721	1012.0	0.0012493827160493828	0.7361536	810000	-2.5431315e-09	0.049593084	-2.8141207e-07	-0.010062154	-0.017498206	-0.08363142	0.8764746	0.016922424	2799.1501619815826
27	2.5394437	260.0261	2.394261e-09	0.53913045	0.12173913	1074.0	0.0012785714285714286	0.79707277	840000	-3.051758e-09	0.08420503	-1.1609948e-07	-0.009290276	-0.026988722	-0.14417198	0.8742461	0.014225635	2932.8485581874847
28	2.4313622	199.47652	0.017791165	0.8993289	0.093959734	1208.0	0.0013885057471264368	0.8380786	870000	6.103516e-09	0.08069275	-1.0240798e-07	-0.009793844	-0.029624693	-0.124762006	0.86989415	0.011237199	3090.3930735588074
29	2.4988074	227.9077	4.6391484e-11	0.30769232	0.07692308	1248.0	0.0013866666666666667	0.8053301	900000	1.3224284e-08	0.106233805	7.6293946e-07	-0.0068306956	-0.04784391	-0.17851853	0.8672229	0.015777202	3226.3332505226135
30	2.624629	241.69106	2.7116743e-14	0.5121951	0.07317073	1311.0	0.0014096774193548386	0.8634321	930000	-1.2715658e-08	0.0861408	-3.1013798e-07	-0.0073107346	-0.024071354	-0.13836507	0.8630692	0.01446747	3370.0328595638275
31	2.63732	221.2388	6.873191e-26	0.3880597	0.07462686	1363.0	0.0014197916666666666	0.86190873	960000	1.525879e-09	0.10335533	-2.846789e-07	-0.0036591035	-0.04033596	-0.083758965	0.8577852	0.010234306	3490.7358055114746
32	2.5323906	282.76416	1.1257047e-17	0.11320755	0.06603774	1375.0	0.001388888888888889	0.78896016	990000	-1.0172526e-09	0.31197584	0.0	-0.009043248	-0.115247875	-0.13340747	0.8545752	0.009683167	3627.0943076610565
33	2.4554014	235.696	1.85416e-08	0.216	0.064	1402.0	0.0013745098039215685	0.79222995	1020000	8.138021e-09	0.28088918	-2.4414064e-07	-0.009715402	-0.18551847	-0.12295786	0.8558655	0.012758387	3772.0664331912994
34	2.2997491	197.81334	0.00011627052	0.24	0.046666667	1438.0	0.0013695238095238096	0.7798842	1050000	8.646647e-09	0.14294632	8.90096e-08	-0.009786884	-0.065371566	-0.09299328	0.85533524	0.015663825	3922.3197150230408
35	2.4866343	215.27338	0.10513029	1.8489208	0.0647482	1695.0	0.0015694444444444445	0.87068224	1080000	-1.2715658e-08	0.19568482	1.234974e-07	-0.007571189	-0.12180318	-0.13866696	0.8542319	0.014155928	4048.966826438904
36	2.4395769	228.8626	2.8015617e-34	0.519084	0.06870229	1763.0	0.0015882882882882882	0.7996561	1110000	9.155274e-09	0.15417372	-1.4559913e-08	-0.0050550783	-0.073829934	-0.20988682	0.8580771	0.019344019	4188.15621471405
37	2.0769455	229.07692	0.0023846284	0.15384616	0.03076923	1783.0	0.0015640350877192983	0.73178214	1140000	-2.7974447e-09	0.43025717	-8.803148e-08	-0.009523292	-0.2631836	-0.14576389	0.85893947	0.010993925	4320.670835971832
38	2.5519605	209.00699	0.0	0.13286713	0.02097902	1802.0	0.0015401709401709402	0.77896976	1170000	5.086263e-09	0.10541162	6.669051e-08	-0.0024000113	-0.034242965	-0.11069833	0.86011744	0.010384837	4442.046864032745
39	2.264548	229.45384	0.008169555	0.06923077	0.03076923	1811.0	0.0015091666666666667	0.70725715	1200000	1.0426839e-08	0.3227921	-5.868765e-08	-0.009493278	-0.11963771	-0.12851268	0.8599465	0.010670849	4558.4798884391785
40	2.4786725	210.83571	4.7604898e-14	0.07857143	0.042857144	1822.0	0.00148130081300813	0.74770063	1230000	5.086263e-09	0.10447426	1.362392e-07	-0.012271922	-0.048751783	-0.17126815	0.8633139	0.0122600105	4690.190546989441
41	2.5335698	184.64815	1.0404509e-27	0.030864198	0.012345679	1827.0	0.00145	0.88681704	1260000	-6.103516e-09	0.06737167	4.7095028e-07	-0.012764357	-0.02096869	-0.14298692	0.86952275	0.012308491	4851.840587615967
42	2.4443457	188.33333	0.0	0.044025157	0.012578616	1834.0	0.0014217054263565892	0.8392991	1290000	-6.612142e-09	0.13406363	4.798361e-08	-0.006740147	-0.05832132	-0.09550612	0.8697155	0.01035816	5010.068114757538
43	2.5169418	152.59067	0.0	0.30051813	0.015544041	1894.0	0.0014348484848484848	1.0177747	1320000	-1.3224284e-08	0.04826744	2.3718324e-07	-0.011726648	-0.020721821	-0.15163	0.8683807	0.020034328	5169.182185649872
44	2.5004585	165.66112	5.632508e-16	0.25	0.044444446	1939.0	0.0014362962962962962	1.0570283	1350000	7.6929725e-09	0.276242	-1.695421e-07	-0.010800872	-0.18814862	-0.1495429	0.8610564	0.013085691	5324.938228130341
45	2.5188553	183.93864	5.253e-41	0.049079753	0.012269938	1947.0	0.0014108695652173913	0.8815208	1380000	-4.0690105e-09	0.15173535	9.36122e-08	-0.0058332914	-0.047492348	-0.14661741	0.85960805	0.019400561	5476.669084310532
46	2.5142562	176.23668	3.4325615e-11	0.19526628	0.0295858	1980.0	0.001404255319148936	0.95913696	1410000	-4.577637e-09	0.14384654	2.6522304e-07	-0.0055679963	-0.025817685	-0.11996712	0.85525155	0.011201874	5625.838600158691
47	2.4618506	173.93024	4.6089372e-07	0.4360465	0.040697675	2055.0	0.0014270833333333334	0.91559243	1440000	-5.086263e-09	0.14222282	4.4356943e-07	-0.0076468466	-0.089297146	-0.13342366	0.8537559	0.0106163155	5793.617308855057
48	2.5015008	161.04839	4.401974e-21	0.021505376	0.010752688	2059.0	0.0014006802721088436	0.99081624	1470000	2.0345052e-09	0.18635039	1.076729e-07	-0.011436331	-0.09372524	-0.13420974	0.8506212	0.010035218	5966.001038074493
49	2.3314397	171.63792	0.0	0.022988506	0.011494253	2063.0	0.0013753333333333332	0.8648199	1500000	-5.086263e-10	0.27646124	2.3019724e-07	-0.011234442	-0.10234055	-0.14683913	0.8452021	0.010904054	6105.93874669075
50	2.3815384	158.7043	0.0	0.043010753	0.016129032	2071.0	0.00135359477124183	0.9496303	1530000	2.5431315e-09	0.20015359	-6.152737e-08	-0.009540343	-0.1477162	-0.16011429	0.84468853	0.0124233775	6267.465008735657
51	2.4400308	154.57732	0.0	0.0	0.0	2071.0	0.0013275641025641027	0.9295038	1560000	2.0345052e-09	0.1574472	7.865355e-08	-0.0018757252	-0.068091735	-0.13154612	0.8434259	0.012238216	6412.323067903519
52	2.5986416	154.2629	2.5181952e-30	0.020618556	0.0154639175	2075.0	0.0013050314465408806	1.0887195	1590000	-6.103516e-09	0.04842898	-4.4242622e-08	-0.012077116	-0.020078149	-0.18056683	0.84358346	0.015775835	6568.688461065292
53	2.5685256	158.39682	5.828518e-14	1.3280423	0.026455026	2326.0	0.0014358024691358024	1.0788599	1620000	-7.629395e-10	0.09140915	-3.4312092e-07	-0.027068976	-0.05520327	-0.15499896	0.8397715	0.010715382	6741.800760746002
54	2.5259502	149.27638	0.0	0.025125628	0.015075377	2331.0	0.0014127272727272727	1.0751076	1650000	6.993612e-09	0.08566192	9.5846666e-08	-0.009603662	-0.052350193	-0.10697379	0.83871627	0.013229803	6920.512684106827
55	2.4143002	163.43716	2.5736e-41	0.15300547	0.027322404	2359.0	0.0014041666666666666	0.9149454	1680000	-9.155274e-09	0.1933364	-5.419788e-07	-0.008640542	-0.092331186	-0.15627801	0.8393335	0.01919648	7092.76712346077
56	2.5266535	138.02304	9.6845426e-21	0.03686636	0.023041476	2367.0	0.0013842105263157894	1.0943048	1710000	6.103516e-09	0.043384895	-3.51585e-08	-0.011628502	-0.01567749	-0.19633406	0.8407655	0.016975207	7279.210423707962
57	2.4856837	132.05753	1.7365267e-17	0.057522126	0.013274336	2380.0	0.001367816091954023	1.1192484	1740000	-1.0172526e-09	0.03536223	3.3758383e-08	-0.006803053	-0.012870232	-0.12886955	0.839519	0.010347317	7422.404805421829
58	2.6633563	160.17113	0.0	0.0	0.0	2380.0	0.001344632768361582	1.0741041	1770000	-8.138021e-09	0.041777506	2.8049246e-07	-0.01810669	-0.011468321	-0.14915577	0.8391921	0.017902153	7551.416780233383
59	2.6287541	139.4	6.9563554e-17	0.08372093	0.013953488	2398.0	0.0013322222222222223	1.1308881	1800000	-5.086263e-09	0.029982788	6.653542e-08	-0.008990177	-0.008971237	-0.12991945	0.84101444	0.012939707	7708.904952287674
60	2.4686837	133.82063	0.00056889234	0.38116592	0.03587444	2483.0	0.0013568306010928962	1.1106979	1830000	7.629395e-09	0.108330056	-4.2765667e-08	-0.0023527432	-0.08609951	-0.14644979	0.83134973	0.011728067	7889.873313426971
61	2.6385436	139.34883	6.94542e-40	0.06511628	0.013953488	2497.0	0.0013424731182795698	1.1627645	1860000	-9.155274e-09	0.027106944	0.0	-0.012747326	-0.0058738478	-0.12321674	0.8294995	0.012557432	8058.312304735184
62	2.631892	151.29797	3e-45	1.5909091	0.025252525	2812.0	0.001487830687830688	1.1557587	1890000	6.103516e-09	0.07692253	-2.8899223e-08	-0.0097620925	-0.05236566	-0.19311756	0.8202559	0.012767881	8236.060468912125
63	2.5010777	135.38461	1.028365e-37	0.18099548	0.013574661	2852.0	0.0014854166666666666	1.1421224	1920000	-2.0345052e-09	0.089956276	1.2082752e-07	-0.0133132385	-0.06303827	-0.16318214	0.81741655	0.01787159	8427.389861106873
64	2.4808998	126.97458	6.431841e-13	0.059322033	0.021186441	2866.0	0.0014697435897435898	0.96965206	1950000	2.5431315e-09	0.46369663	4.040993e-09	0.0010355855	-0.41935283	-0.13354984	0.81993395	0.013424819	8607.395975589752
65	2.4501789	143.3158	1.0097829e-05	0.14354067	0.033492822	2896.0	0.0014626262626262626	1.0295912	1980000	-8.646647e-09	0.04843113	-7.300856e-08	-0.010803121	-0.017539501	-0.13083719	0.8187049	0.01822275	8790.496745824814
66	2.4035795	131.17982	0.0	0.118421055	0.021929825	2923.0	0.001454228855721393	1.0698844	2010000	1.525879e-09	0.07575576	-3.3462257e-08	-0.013419103	-0.04343083	-0.13847998	0.809238	0.0125231175	8944.288335084915
67	2.5932982	132.66965	5.4385942e-05	0.084821425	0.035714287	2942.0	0.001442156862745098	1.151711	2040000	5.086263e-09	0.03843958	5.9604645e-08	-0.01135482	-0.017999455	-0.038292903	0.8071396	0.016722659	9134.859554767609
68	2.481295	143.34929	4.428895e-30	1.1291866	0.009569378	3178.0	0.0015352657004830917	1.0498207	2070000	1.0172526e-09	0.07859395	-2.737821e-07	-0.014446294	-0.05257056	-0.13155183	0.8013466	0.01432864	9318.861805677414
69	2.4892502	134.95496	4.0981686e-07	0.8738739	0.04054054	3372.0	0.0016057142857142856	1.097421	2100000	5.3405764e-09	0.056145433	6.014162e-08	-0.0021014926	-0.018588103	-0.13447405	0.8004874	0.012354797	9499.743198633194
70	2.5343328	128.68965	2.3513602e-14	0.15517241	0.038793102	3408.0	0.0016	1.1455995	2130000	-1.9836426e-08	0.054346923	3.658492e-07	-0.01393189	-0.02821511	-0.08166734	0.8069108	0.012958613	9685.58503484726
71	2.4740376	142.6268	0.0	0.05263158	0.009569378	3419.0	0.0015828703703703703	1.1008524	2160000	1.0172526e-09	0.11396251	3.285385e-07	-0.012516702	-0.07692842	-0.111526445	0.80125743	0.012171311	9863.28885269165
72	2.6237738	129.67099	5.9950497e-15	0.86147183	0.030303031	3618.0	0.001652054794520548	1.1511927	2190000	-5.5948894e-09	0.051932935	1.3211073e-07	-0.011402271	-0.03611911	-0.16524327	0.7925955	0.018003702	10057.194437503815
73	2.4424057	114.65	6.75375e-13	0.073076926	0.03076923	3637.0	0.0016382882882882883	1.2049161	2220000	3.5603842e-09	0.033304505	1.7606295e-07	-0.01034975	-0.017549826	-0.14265986	0.78347605	0.013194434	10264.6484375
74	2.5753944	117.814964	7.911058e-05	0.05511811	0.015748031	3651.0	0.0016226666666666666	1.2435603	2250000	-4.577637e-09	0.021968143	-1.8022192e-07	-0.012540335	-0.00950628	-0.14516704	0.775965	0.016150145	10469.624297618866
75	2.5544174	122.42041	0.003539938	0.118367344	0.028571429	3680.0	0.0016140350877192982	1.2120788	2280000	-5.086263e-09	0.05075892	-2.1798269e-07	-0.011027147	-0.028143609	-0.09829012	0.7621892	0.016436284	10669.560507774353
76	2.4676886	107.913666	0.0	0.010791367	0.007194245	3683.0	0.0015943722943722943	1.2276595	2310000	7.1207684e-09	0.033823054	-5.488773e-08	-0.00031377157	-0.017390743	-0.13507983	0.7594386	0.017010387	10846.047643184662
77	2.6063933	126.46835	1.4523327e-07	0.12236287	0.029535865	3712.0	0.0015863247863247864	1.2250793	2340000	-3.5603842e-09	0.03600171	-4.8287305e-08	-0.009509969	-0.016953446	-0.15320587	0.7567001	0.01089818	11044.44604730606
78	2.590852	128.7013	1.9475778e-05	0.07359307	0.017316017	3729.0	0.0015734177215189873	1.1822536	2370000	4.0690105e-09	0.055188566	-4.9541523e-08	-0.005275993	-0.029304357	-0.14649367	0.7543625	0.017642012	11215.503675699234
79	2.4985216	124.12033	1.1322879e-27	0.71369296	0.029045643	3901.0	0.0016254166666666667	1.150305	2400000	9.791057e-09	0.041516796	2.0972922e-07	-0.010218231	-0.021573082	-0.19105943	0.7482587	0.018109709	11366.025080680847
80	2.5376453	118.031494	0.0	0.007874016	0.007874016	3903.0	0.0016061728395061728	1.2021672	2430000	-1.0172526e-08	0.027345639	1.8022192e-07	-0.016220361	-0.008269126	-0.15919167	0.7473996	0.017657101	11532.889260530472
81	2.5509257	118.98412	2.1945631e-11	0.043650795	0.011904762	3914.0	0.0015910569105691058	1.2096294	2460000	4.0690105e-09	0.05347871	1.551613e-07	-0.008128255	-0.026868017	-0.12683475	0.74007803	0.012962726	11752.694318294525
82	2.4207172	108.88	0.0	0.09818182	0.025454545	3941.0	0.0015827309236947792	1.1901718	2490000	-5.086263e-09	0.106405236	5.5486506e-08	-0.00040121662	-0.090750344	-0.120739326	0.73366475	0.016766673	12004.503481149673
83	2.5174208	110.42066	4.2497386e-10	0.025830258	0.011070111	3948.0	0.0015666666666666667	1.2559352	2520000	8.138021e-09	0.03130852	-1.1261099e-07	-0.0012205968	-0.018993944	-0.10807316	0.73653984	0.011241468	12262.205966472626
84	2.477147	116.82031	4.6023074e-06	0.01953125	0.01171875	3953.0	0.0015501960784313725	1.1789279	2550000	0.0	0.04693187	7.4505806e-08	-0.014200155	-0.022140903	-0.12239762	0.7374741	0.01595815	12550.672691106796
85	2.5518305	116.98039	3.3074326e-32	0.05882353	0.015686275	3968.0	0.001537984496124031	1.2004254	2580000	2.5431315e-09	0.027598841	5.983839e-08	-0.004842519	-0.008611247	-0.16102745	0.73578036	0.016332587	12856.226703166962
86	2.5679052	120.8421	8.0695366e-33	0.09311741	0.024291499	3991.0	0.0015291187739463602	1.1973083	2610000	3.5603842e-09	0.028109087	-4.8262873e-08	-0.0071580852	-0.011942269	-0.121776044	0.72420245	0.011875028	13161.020269155502
87	2.589907	126.43644	1.686111e-30	0.08050848	0.021186441	4010.0	0.0015189393939393939	1.1917533	2640000	-5.086263e-09	0.052227877	0.0	-0.0061888476	-0.029199395	-0.15100606	0.72329026	0.015032793	13490.225569963455
88	2.6005266	131.53947	0.0	0.004385965	0.004385965	4011.0	0.0015022471910112359	1.1676487	2670000	3.051758e-09	0.07898099	-1.4221459e-07	0.00039765218	-0.032529224	-0.15936147	0.7229427	0.018728988	13828.824952840805
89	2.3961823	139.75587	4.03738e-40	0.056338027	0.0093896715	4023.0	0.00149	1.0528922	2700000	-7.1207684e-09	0.1270616	8.3950205e-08	-0.003007091	-0.053237617	-0.08464901	0.71992946	0.015118288	14155.100498437881
90	2.4253504	146.22278	0.0	0.004950495	0.004950495	4024.0	0.001473992673992674	0.9298584	2730000	7.1207684e-09	0.09963683	1.7940408e-07	-0.008870731	-0.037743945	-0.2408271	0.71865547	0.01579374	14470.137432813644
91	2.5121915	125.98734	3.8425507e-13	0.012658228	0.004219409	4027.0	0.0014590579710144927	1.1100296	2760000	2.0345052e-09	0.047427654	-1.4486191e-07	-0.014302686	-0.021742191	-0.15375204	0.7164381	0.012895613	14823.146250486374
92	2.606957	139.81776	6.88e-42	0.018691588	0.009345794	4031.0	0.0014448028673835125	1.0721302	2790000	-5.5948894e-09	0.11200482	-8.021559e-08	-0.003803865	-0.06663035	-0.14469926	0.7151998	0.014978402	15149.615895271301
93	2.4942918	123.296295	0.0	0.0	0.0	4031.0	0.001429432624113475	1.1174189	2820000	-9.155274e-09	0.044403832	7.064254e-08	-0.0019088429	-0.021784851	-0.12857072	0.7180632	0.011510586	15514.20339846611
94	2.458332	132.11453	0.0	0.0	0.0	4031.0	0.0014143859649122807	1.0765653	2850000	1.3224284e-08	0.0770898	1.00829e-07	0.0020020995	-0.030197468	-0.11673261	0.7253951	0.015447186	15852.036620616913
95	2.266743	155.9323	6.237903e-31	0.078125	0.026041666	4046.0	0.001404861111111111	0.87501705	2880000	7.629395e-09	0.14155479	1.09275184e-07	-0.008795148	-0.075731315	-0.14677009	0.7311585	0.011683803	16176.836236715317
96	2.4648428	129.20346	7.1070864e-23	0.060606062	0.012987013	4060.0	0.001395189003436426	1.0814335	2910000	-5.086263e-09	0.055079985	8.2569205e-09	-0.010241809	-0.025871057	-0.1879633	0.72745633	0.018608967	16524.279734373093
97	2.5519783	141.36191	4.884133e-13	0.00952381	0.004761905	4064.0	0.001382312925170068	1.0500531	2940000	2.5431315e-09	0.09313611	-1.1807397e-07	-0.000106389874	-0.04503071	-0.11111532	0.72612655	0.015320128	16848.37472653389
98	2.535055	135.72147	0.0	0.00456621	0.00456621	4065.0	0.0013686868686868688	1.0872676	2970000	-4.0690105e-09	0.047800083	7.838419e-08	-0.005224892	-0.01439406	-0.12458777	0.72972775	0.018261597	17181.50668501854
99	2.4603858	131.69164	1.0091054e-21	0.02202643	0.008810572	4070.0	0.0013566666666666666	1.0943598	3000000	8.646647e-09	0.0802703	-6.721933e-08	-0.0012274495	-0.03887172	-0.11681198	0.71768385	0.017387057	17518.525433540344
100	2.5133672	142.375	0.0	0.08173077	0.009615385	4087.0	0.001348844884488449	1.0321536	3030000	6.103516e-09	0.07552155	1.1462432e-07	-0.011087564	-0.031577006	-0.12792411	0.721789	0.012204681	17836.82321381569
101	2.5276957	155.75916	3.197882e-12	0.14659686	0.020942409	4115.0	0.0013447712418300653	0.9874224	3060000	-8.138021e-09	0.062305674	3.9944474e-08	-0.0006008555	-0.036184266	-0.152478	0.714418	0.018943917	18138.471921920776
102	2.570198	142.61429	0.0	0.0	0.0	4115.0	0.001331715210355987	1.064901	3090000	-3.5603842e-09	0.063766405	8.1743515e-08	0.0013329148	-0.02887996	-0.16701204	0.7073739	0.016520908	18454.730943918228
103	2.5003855	138.05687	0.0	0.028436018	0.0047393367	4121.0	0.0013208333333333334	1.065306	3120000	2.0217895e-08	0.040738776	-1.6271221e-07	-0.0025622973	-0.017526723	-0.16707747	0.7027469	0.01126073	18763.31929898262
104	2.4592936	150.85858	4.0574974e-11	0.045454547	0.015151516	4130.0	0.0013111111111111112	0.96162415	3150000	-1.373291e-08	0.08414513	1.9266148e-08	-0.0130493445	-0.056090906	-0.19084437	0.7006952	0.015383923	19072.345207452774
105	2.3236911	157.96825	0.0	0.005291005	0.005291005	4131.0	0.001299056603773585	0.862778	3180000	-2.0345052e-09	0.12038343	4.541306e-08	-0.012758732	-0.04906539	-0.18692182	0.69662344	0.0134159	19375.446522712708
106	2.4899318	138.9378	0.0	0.0	0.0	4131.0	0.0012869158878504672	0.9833592	3210000	8.138021e-09	0.089416124	7.757159e-08	-0.0016047343	-0.04641765	-0.12405385	0.7008514	0.014274155	19702.943719625473
107	2.5445776	129.27586	0.0	0.012931035	0.004310345	4134.0	0.001275925925925926	1.1198344	3240000	3.051758e-09	0.047673933	1.644266e-08	-0.0008977549	-0.028863413	-0.12092248	0.7034756	0.013833535	20046.249156951904
108	2.4902077	148.77115	0.0	0.0099502485	0.0049751243	4136.0	0.0012648318042813456	1.0204284	3270000	9.409587e-09	0.097332664	-2.1350917e-08	-0.0024671874	-0.054284707	-0.10774655	0.7055465	0.015242383	20361.37395644188
109	2.5395918	144.63768	0.0	0.019323671	0.009661836	4140.0	0.0012545454545454546	1.0588253	3300000	4.0690105e-09	0.04944991	-3.5014128e-07	-0.014577883	-0.020965965	-0.14664298	0.70008135	0.016846552	20669.898611545563
110	2.5231798	133.05803	6.6311504e-16	0.013392857	0.013392857	4143.0	0.001244144144144144	1.0915314	3330000	-1.0172526e-09	0.057462163	-6.3862124e-08	-0.011320182	-0.028227355	-0.14757001	0.70301425	0.015338336	20991.661791086197
111	2.4409673	132.99556	0.0	0.008888889	0.008888889	4145.0	0.0012336309523809524	1.0749131	3360000	6.103516e-09	0.080349125	-5.5101182e-08	0.0012671896	-0.045589816	-0.08691786	0.70431995	0.011735649	21310.203575134277
112	2.4867191	149.2388	0.0	0.04477612	0.014925373	4154.0	0.001225368731563422	0.9893342	3390000	-1.3224284e-08	0.061862558	2.0876452e-07	-0.0075132907	-0.024363235	-0.21151735	0.70404196	0.016180564	21624.479063272476
113	2.3136415	140.70422	0.0	0.0	0.0	4154.0	0.0012146198830409356	0.90645576	3420000	1.0172526e-08	0.04737136	-8.9546885e-09	0.00036403604	-0.015911594	-0.10849447	0.6984517	0.0117077865	21942.885202646255
114	2.4721594	156.23438	0.0	0.026041666	0.010416667	4159.0	0.0012055072463768115	0.9490457	3450000	-1.0172526e-09	0.090193644	-1.291434e-07	0.0016348354	-0.045384675	-0.17596479	0.69896096	0.016493805	22239.60741877556
115	2.4472835	137.4266	0.0	0.0	0.0	4159.0	0.0011951149425287356	1.0479937	3480000	-1.0172526e-09	0.06956987	-9.1867705e-08	0.0013973969	-0.043127432	-0.123623505	0.69470674	0.010824295	22546.42092847824
116	2.4186225	140.13084	0.0	0.0	0.0	4159.0	0.0011849002849002848	0.98797226	3510000	-1.7801921e-09	0.08862775	8.021559e-08	-0.0016287217	-0.045536272	-0.08376445	0.6927816	0.0103563275	22845.28599333763
117	2.4247403	161.54892	0.0	0.0	0.0	4159.0	0.001174858757062147	0.93703234	3540000	-4.0690105e-09	0.09859813	4.14641e-08	-0.010202102	-0.0448168	-0.2101416	0.6895773	0.015421271	23138.92946958542
118	2.4124825	145.53171	0.0	0.0	0.0	4159.0	0.0011649859943977591	0.96839607	3570000	-2.0345052e-08	0.10548278	-7.443312e-08	0.0001110527	-0.055249576	-0.10109672	0.68931663	0.012434702	23436.842557907104
119	2.437789	155.20634	0.0	0.0	0.0	4159.0	0.0011552777777777779	0.9227935	3600000	1.0172526e-09	0.11958978	-3.0275373e-08	-0.0012491924	-0.050928116	-0.14220186	0.68765235	0.015680078	23737.086169719696
120	2.4554	150.78462	0.0	0.0051282053	0.0051282053	4160.0	0.0011460055096418733	0.98129237	3630000	1.7293294e-08	0.26396528	-2.200787e-08	-0.0052416543	-0.19868946	-0.14869817	0.6880776	0.017274622	24028.519389867783
121	2.3181174	166.35196	0.0	0.02793296	0.011173184	4165.0	0.0011379781420765027	0.91803265	3660000	7.1207684e-09	0.40004477	3.995842e-08	-0.011668425	-0.2036935	-0.16218497	0.6889788	0.016210355	24313.820482969284
122	2.3790936	174.66667	0.0	0.0	0.0	4165.0	0.0011287262872628726	0.82914263	3690000	-1.0172526e-09	0.16796933	5.8001245e-07	-0.021640358	-0.08115088	-0.18148242	0.69080853	0.015108709	24609.819150209427
123	2.5730014	145.32039	0.0	0.0	0.0	4165.0	0.0011196236559139784	0.99197876	3720000	-1.1189779e-08	0.05999483	1.4814358e-07	-0.016750772	-0.04008087	-0.17451352	0.69830745	0.014895256	24922.234874248505
124	2.4128451	159.48924	1.742e-42	0.02688172	0.010752688	4170.0	0.001112	0.9043792	3750000	-5.086263e-09	0.06923452	-5.5374636e-07	-0.017934663	-0.03038187	-0.12292017	0.6994784	0.016558917	25227.614877462387
125	2.4378757	138.95349	0.0	0.0	0.0	4170.0	0.001103174603174603	1.0010536	3780000	6.103516e-09	0.105502866	-2.6614167e-08	-0.015918529	-0.057351116	-0.14885572	0.6979555	0.017293474	25549.20530629158
126	2.4618716	132.14537	0.0	0.0	0.0	4170.0	0.001094488188976378	1.0741129	3810000	1.8310548e-08	0.063627705	-1.512435e-07	-0.013338757	-0.041591078	-0.13292027	0.69981545	0.013543266	25875.299894332886
127	2.5523796	116.40856	0.0	0.0	0.0	4170.0	0.0010859375	1.1823013	3840000	1.1189779e-08	0.031539068	-1.3358861e-07	-0.012199541	-0.014417823	-0.18053123	0.6953379	0.015054494	26224.271431684494
128	2.4878137	121.6748	0.0	0.0	0.0	4170.0	0.0010775193798449613	1.1588466	3870000	1.3224284e-08	0.042228524	-1.1145583e-07	-0.013261686	-0.023515038	-0.15163036	0.69313115	0.014096072	26559.38734126091
129	2.5669887	145.5	0.0	0.0	0.0	4170.0	0.0010692307692307691	1.0695615	3900000	-3.051758e-09	0.111139	-6.4812816e-08	-0.008103623	-0.05676558	-0.16230732	0.6903627	0.015583293	26870.18499326706
130	2.5617347	122.987656	0.0	0.0	0.0	4170.0	0.0010610687022900764	1.1791109	3930000	3.051758e-09	0.029055309	1.373605e-08	-0.012141312	-0.015402677	-0.17659457	0.68810505	0.016361933	27202.64637851715
131	2.613308	131.3114	0.0	0.00877193	0.004385965	4172.0	0.0010535353535353535	1.1794817	3960000	2.0345052e-09	0.046006635	2.5096693e-08	-0.012837437	-0.02213089	-0.14722767	0.6865947	0.015564053	27530.82745528221
132	2.5908191	123.09054	0.0	0.004115226	0.004115226	4173.0	0.0010458646616541354	1.1634263	3990000	-3.5603842e-09	0.03899773	-9.811464e-09	-0.0048599	-0.022721803	-0.24956195	0.683273	0.019259308	27865.29912495613
133	2.6453078	124.0083	5.4772775e-37	0.029045643	0.004149378	4180.0	0.0010398009950248757	1.2194889	4020000	1.1189779e-08	0.026009927	-3.858226e-08	-0.001102209	-0.009468395	-0.17860512	0.68166304	0.01760643	28197.568652391434
134	2.4768274	109.65934	5.48134e-39	0.010989011	0.0036630037	4183.0	0.0010328395061728396	1.2146732	4050000	1.1698405e-08	0.017445056	-9.082613e-08	-0.00038517293	-0.0077612335	-0.14341976	0.68040013	0.012721596	28545.812126874924
135	2.5303345	115.04633	0.0	0.0	0.0	4183.0	0.0010252450980392158	1.218459	4080000	-9.155274e-09	0.017389785	-1.2519277e-07	-0.0017692271	-0.0059758425	-0.11677803	0.6789432	0.01576327	28883.067059755325
136	2.5697904	126.51915	0.0	0.0	0.0	4183.0	0.0010177615571776155	1.192321	4110000	7.883708e-09	0.115581535	-6.0872827e-09	-0.0015420314	-0.092308044	-0.120225124	0.6775552	0.015059743	29205.431574583054
137	2.504139	134.5991	0.0	0.054054055	0.0045045046	4195.0	0.0010132850241545894	1.0873102	4140000	-3.051758e-09	0.09249714	8.591661e-09	0.005005362	-0.057847627	-0.13061087	0.67788506	0.014146175	29518.27043747902
138	2.5261593	130.9214	0.0	0.013100437	0.0043668123	4198.0	0.0010067146282973622	1.1191864	4170000	-1.8310548e-08	0.090509035	-3.4357264e-08	-0.0007603363	-0.04664704	-0.12809904	0.67154664	0.0141606815	29846.623935222626
139	2.4190102	138.27489	0.0	0.0	0.0	4198.0	0.0009995238095238095	0.9899355	4200000	-1.4241537e-08	0.1341974	3.615827e-08	-0.0022117463	-0.069788285	-0.11533691	0.6704525	0.011185844	30159.89605998993
140	2.551115	134.96848	0.0	0.0	0.0	4198.0	0.000992434988179669	1.1001617	4230000	1.0172526e-08	0.062002547	3.6514558e-07	-0.00911395	-0.03695721	-0.18998247	0.6696423	0.016616983	30475.020836353302
141	2.5286398	126.974464	0.0	0.008510638	0.004255319	4200.0	0.0009859154929577464	1.1302428	4260000	2.0853678e-08	0.0323925	4.869826e-08	0.0025948985	-0.0193431	-0.15828308	0.6688132	0.018385552	30797.884187698364
142	2.546011	134.3408	0.0	0.0	0.0	4200.0	0.000979020979020979	1.1199492	4290000	1.8056234e-08	0.03882584	-1.2188215e-07	-0.0009863906	-0.01569365	-0.13900287	0.6691835	0.013519036	31114.74968767166
143	2.4816585	138.24884	0.0	0.0	0.0	4200.0	0.0009722222222222222	1.1454835	4320000	2.415975e-09	0.21515423	8.789625e-09	-0.0010178721	-0.16501549	-0.0652263	0.6705865	0.014156051	31424.27361893654
144	2.5526264	126.72766	0.0	0.0	0.0	4200.0	0.0009655172413793104	1.1493224	4350000	-1.7801921e-09	0.03702125	-7.304739e-08	-3.4455618e-06	-0.021566462	-0.07628616	0.6689526	0.012789915	31758.997901201248
145	2.510782	130.2	0.0	0.0	0.0	4200.0	0.0009589041095890411	1.1429929	4380000	1.2715658e-08	0.15252061	2.902487e-08	-0.00054331357	-0.13192765	-0.08946899	0.6691147	0.016724046	32081.010783195496
146	2.1892614	142.14218	0.0	0.0	0.0	4200.0	0.0009523809523809524	0.81043994	4410000	-8.646647e-09	0.17706889	1.8079135e-07	0.00030042828	-0.10346879	-0.10688135	0.66959345	0.016017329	32398.918929100037
147	1.9917047	141.68246	0.0	0.0	0.0	4200.0	0.0009459459459459459	0.74420404	4440000	5.5948894e-09	0.28995052	-5.8757188e-08	0.0018619301	-0.20276587	-0.12906882	0.6688406	0.014069471	32719.794231653214
148	2.2646575	134.0852	0.0	0.0	0.0	4200.0	0.0009395973154362416	0.8393418	4470000	1.2715658e-08	0.112958364	1.28297e-08	0.0011868421	-0.043995984	-0.07246073	0.6684623	0.013177482	33041.537541627884
149	1.0366569	196.0	0.0	0.0	0.0	4200.0	0.0009333333333333333	0.015303581	4500000	-6.357829e-09	0.35422677	4.674874e-08	0.0009600372	-0.16362359	-0.11908661	0.6675276	0.017168645	33323.28438949585
150	2.0745962	145.81372	0.0	0.0	0.0	4200.0	0.0009271523178807947	0.68313956	4530000	0.0	0.08429664	-5.6098493e-08	0.0014052917	-0.04986712	-0.076154076	0.664938	0.011565973	33630.200382471085
151	1.6297874	170.26704	0.0	0.0	0.0	4200.0	0.0009210526315789473	0.28661975	4560000	1.525879e-09	0.25581884	3.2511625e-08	0.00021044006	-0.09353559	-0.090968005	0.66478765	0.008160982	33906.91834926605
152	1.9127897	142.2	0.0	0.0	0.0	4200.0	0.0009150326797385621	0.5611807	4590000	-1.1698405e-08	0.098144405	1.000195e-07	-0.003452082	-0.06890147	-0.11568429	0.66474545	0.014359022	34219.502017736435
153	1.8043076	152.93367	0.0	0.010204081	0.0051020407	4202.0	0.0009095238095238095	0.46783945	4620000	-5.5948894e-09	0.14207084	4.500759e-08	0.00091229146	-0.04995645	-0.08949079	0.6647382	0.012718427	34532.89542555809
154	1.8236109	135.35747	0.0	0.0	0.0	4202.0	0.0009036559139784946	0.54180074	4650000	2.492269e-08	0.053505015	-5.394086e-08	0.00021719563	-0.025405763	-0.1194534	0.6636254	0.0120408265	34856.10266852379
155	1.9426166	154.92021	0.0	0.0	0.0	4202.0	0.0008978632478632479	0.40269694	4680000	-2.8483074e-08	0.3256086	8.116377e-08	-0.008786641	-0.16380006	-0.22195403	0.663256	0.011988872	35144.06472325325
156	1.9484869	158.40211	0.0	0.0	0.0	4202.0	0.0008921443736730361	0.6255145	4710000	9.6639e-09	0.23314887	-8.578023e-08	-0.007367235	-0.14241266	-0.20654796	0.66239727	0.014347799	35442.95448613167
157	1.9041924	160.9011	0.0	0.0	0.0	4202.0	0.0008864978902953587	0.48042294	4740000	-7.1207684e-09	0.19872038	0.0	-0.011121481	-0.048651397	-0.23651879	0.6624421	0.01735137	35740.67279958725
158	2.3481183	143.85577	0.0	0.0	0.0	4202.0	0.0008809224318658281	0.8071202	4770000	-1.0172526e-09	0.26923242	1.3754919e-08	0.00018614603	-0.10978545	-0.24949768	0.6615561	0.010802516	36045.94045805931
159	2.0741842	176.44118	0.0	0.0	0.0	4202.0	0.0008754166666666667	0.5546376	4800000	-1.6784668e-08	0.59309304	-6.170834e-08	-0.0023360734	-0.32421458	-0.16946901	0.6630091	0.014562083	36338.087925195694
160	2.1629226	162.82874	0.0	0.0	0.0	4202.0	0.0008699792960662526	0.7572495	4830000	-6.612142e-09	0.5131468	8.693716e-08	-0.001485054	-0.23682445	-0.18818748	0.6624055	0.012631544	36629.96197962761
161	2.2949107	165.56354	0.0	0.0	0.0	4202.0	0.0008646090534979424	0.78049755	4860000	-6.357829e-09	0.42066228	-7.903378e-09	0.0007958252	-0.16058123	-0.13646014	0.6632981	0.016178742	36929.96077656746
162	2.5292175	148.43564	0.0	0.0	0.0	4202.0	0.0008593047034764827	0.92590976	4890000	-5.086263e-09	0.24134864	-8.025972e-08	0.00029131013	-0.101949245	-0.12637922	0.66268235	0.013601313	37237.691854953766
163	2.2391312	173.39885	0.0	0.0	0.0	4202.0	0.0008540650406504065	0.8140996	4920000	2.0345052e-08	0.31516394	1.7640218e-07	0.0008561035	-0.07451928	-0.15928686	0.6600952	0.01707839	37522.48914170265
164	2.3543038	181.55757	0.0	0.0	0.0	4202.0	0.0008488888888888889	0.72402036	4950000	-7.1207684e-09	0.5740596	1.7339532e-08	9.5804346e-05	-0.23864418	-0.2030634	0.66037226	0.014099354	37807.11387228966
165	2.2015088	176.375	0.0	0.0	0.0	4202.0	0.0008437751004016065	0.7060827	4980000	-8.646647e-09	0.51049024	-1.06436865e-07	0.0010423355	-0.1397942	-0.16889909	0.66025025	0.01159699	38094.74157691002
166	2.0487163	191.02548	0.0	0.0	0.0	4202.0	0.0008387225548902196	0.56524646	5010000	-4.0690105e-09	0.44678384	7.5929485e-08	-0.0010433822	-0.07689446	-0.16532049	0.6601314	0.015064342	38371.58985376358
167	2.119857	186.86539	9.501115e-38	0.012820513	0.0064102565	4204.0	0.0008341269841269841	0.64087576	5040000	-7.1207684e-09	0.4339694	7.3359566e-08	6.985982e-05	-0.1334733	-0.120684944	0.6576258	0.010173118	38646.84720039368
168	2.2065368	189.51898	0.0	0.0	0.0	4204.0	0.0008291913214990138	0.5479233	5070000	-4.0690105e-09	0.44840845	-1.4486193e-07	-0.011953082	-0.20690094	-0.16234593	0.65690124	0.01350291	38929.17627811432
169	2.5342636	138.09259	0.0	0.0	0.0	4204.0	0.000824313725490196	1.0543475	5100000	1.0172526e-09	0.13067386	2.6490953e-08	0.0002171814	-0.07341181	-0.16258653	0.6617335	0.015032319	39244.16805720329
170	2.4617555	136.8578	2.86626e-40	0.013761468	0.0045871558	4207.0	0.0008200779727095517	1.0621233	5130000	-1.525879e-08	0.046180524	9.624236e-08	-0.010825738	-0.023020873	-0.24971181	0.6605483	0.019381486	39557.857840538025
171	2.3156476	162.96739	0.0	0.0	0.0	4207.0	0.0008153100775193799	0.791805	5160000	6.866455e-09	0.28559124	2.734039e-07	-0.006695441	-0.10942949	-0.17076597	0.6696565	0.011074493	39860.03494119644
172	2.4723232	157.04189	0.0	0.0	0.0	4207.0	0.0008105973025048169	0.9216166	5190000	2.5431315e-09	0.14838333	1.1983343e-07	-0.00984138	-0.06824316	-0.16053471	0.66990846	0.013531813	40156.7699007988
173	2.4970837	158.66138	0.0	0.0	0.0	4207.0	0.0008059386973180077	0.9626832	5220000	-1.0172526e-08	0.12754205	-8.199581e-08	-0.00878551	-0.082047164	-0.15124673	0.6715397	0.016462179	40453.77843594551
174	2.4146655	144.52174	0.0	0.0	0.0	4207.0	0.0008013333333333334	0.99738955	5250000	-2.5431315e-09	0.14358114	-3.6856978e-08	-0.007981686	-0.08455909	-0.19584988	0.6745424	0.01165707	40767.65806698799
175	2.5353277	137.56422	0.0	0.0	0.0	4207.0	0.0007967803030303031	1.1060271	5280000	1.4241537e-08	0.091304295	-2.6247916e-08	-0.013877065	-0.051885072	-0.19340515	0.67316043	0.012773602	41083.990639448166
176	2.531145	137.40826	1.114904e-39	0.0091743115	0.0045871558	4209.0	0.0007926553672316384	1.0687418	5310000	2.0345052e-09	0.06694922	6.999444e-08	-0.013648324	-0.046828195	-0.20477259	0.67158127	0.013454232	41406.61353850365
177	2.5788596	131.9207	0.0	0.0	0.0	4209.0	0.0007882022471910113	1.1483178	5340000	3.051758e-09	0.022996668	5.8816916e-08	-0.001513242	-0.012724999	-0.067713864	0.67168623	0.011306181	41731.657106399536
178	2.6196885	147.05392	0.0	0.0	0.0	4209.0	0.0007837988826815643	1.1760714	5370000	2.0853678e-08	0.1351619	-7.0123116e-09	-0.00022272237	-0.09242424	-0.06399585	0.6739404	0.013931083	42038.003532886505
179	2.5387366	138.6	0.0	0.0	0.0	4209.0	0.0007794444444444445	1.0707786	5400000	1.3224284e-08	0.038846474	-3.992125e-08	0.002300229	-0.018626168	-0.0418057	0.6740249	0.012297101	42358.654190540314
180	2.4881413	156.35106	0.0	0.0	0.0	4209.0	0.0007751381215469613	1.0224823	5430000	1.7293294e-08	0.14655693	-4.565462e-08	0.00083414104	-0.08087546	-0.11002762	0.6738508	0.013175153	42648.052054166794
181	2.5949395	148.07921	0.0	0.0	0.0	4209.0	0.0007708791208791209	1.0910871	5460000	-9.155274e-09	0.059170518	-6.609624e-08	-0.0016529332	-0.038092606	-0.119029716	0.6719294	0.012678971	42942.76539492607
182	2.4984028	146.5	0.0	0.0	0.0	4209.0	0.0007666666666666667	1.0241482	5490000	-4.45048e-09	0.16119766	-4.2073868e-08	-0.000557941	-0.10370503	-0.1193164	0.6740372	0.014256799	43249.2471101284
183	2.4867468	161.18378	0.0	0.0	0.0	4209.0	0.0007625	0.96273124	5520000	1.2207032e-08	0.15736058	-1.2887491e-08	0.0005680522	-0.091077946	-0.07061481	0.67408633	0.012827474	43544.36908173561
184	2.5349636	157.36842	0.0	0.0	0.0	4209.0	0.0007583783783783784	0.9714318	5550000	-2.2379558e-08	0.15746872	5.5212727e-08	-0.0014575025	-0.08227848	-0.025063794	0.67330754	0.01415276	43846.87757062912
185	2.6209676	143.01456	0.0	0.0	0.0	4209.0	0.0007543010752688172	1.0693893	5580000	2.0345052e-09	0.05166748	0.0	0.001955016	-0.021130849	-0.12349102	0.6709573	0.012886066	44152.03582692146
186	2.5382738	142.36667	0.0	0.0	0.0	4209.0	0.0007502673796791443	1.0752984	5610000	4.577637e-09	0.06909364	1.5894572e-07	-0.0071601174	-0.035094935	-0.16998504	0.6712272	0.011316597	44463.81562399864
187	2.559391	154.19588	0.0	0.0	0.0	4209.0	0.0007462765957446808	1.0586916	5640000	-5.086263e-10	0.072363965	-8.8485244e-08	-0.00029833656	-0.03062338	-0.17231879	0.67025936	0.012832571	44749.164955854416
188	2.4402246	133.05333	0.0	0.0	0.0	4209.0	0.0007423280423280423	1.0794692	5670000	-3.051758e-09	0.041408394	-6.781684e-08	-0.00401729	-0.025203213	-0.08688441	0.6711451	0.013060571	45059.32469320297
189	2.5154598	139.4093	0.0	0.0	0.0	4209.0	0.000738421052631579	1.058526	5700000	-4.577637e-09	0.046295483	-5.3228334e-08	-0.000113562266	-0.026105214	-0.11498902	0.670868	0.016912485	45378.20453977585
190	2.4823773	139.83568	0.0	0.0	0.0	4209.0	0.0007345549738219895	1.0436702	5730000	-2.1362306e-08	0.072954506	-2.7983402e-08	-0.0016628057	-0.034178186	-0.09379193	0.67383206	0.011373808	45694.712552309036
191	2.488282	153.54872	0.0	0.0	0.0	4209.0	0.0007307291666666666	0.99826235	5760000	-1.6276042e-08	0.111852944	-3.91251e-08	0.0013931174	-0.049328543	-0.20209645	0.67417645	0.016862888	45992.22547864914
192	2.5660028	151.42424	0.0	0.0	0.0	4209.0	0.0007269430051813472	1.0034124	5790000	-1.3224284e-08	0.07001193	1.08372085e-07	-0.00042640892	-0.04275237	-0.17492771	0.67516476	0.015549172	46294.5624525547
193	2.433373	160.27957	0.0	0.0	0.0	4209.0	0.0007231958762886598	0.9300699	5820000	-4.0690105e-09	0.050379902	-1.02545625e-08	-0.0012120142	-0.015998047	-0.02592316	0.67620087	0.012094126	46588.3650124073
194	2.550675	151.45685	0.0	0.0	0.0	4209.0	0.0007194871794871795	0.9930891	5850000	8.138021e-09	0.062574595	4.8409863e-08	0.0019014812	-0.028627802	-0.10632579	0.67493755	0.018669706	46887.236703157425
195	2.5650828	168.98305	0.0	0.0	0.0	4209.0	0.0007158163265306122	0.9421542	5880000	1.3224284e-08	0.09153862	-2.5592955e-08	0.0007090139	-0.038306694	-0.095306635	0.6702376	0.012348396	47181.743819236755
196	2.3496783	168.46068	0.0	0.0	0.0	4209.0	0.0007121827411167513	0.8837551	5910000	-3.051758e-09	0.14484254	2.6788605e-09	-0.000500824	-0.048036903	-0.12652232	0.67073125	0.015489883	47475.343564510345
197	2.3318284	158.51323	0.0	0.0	0.0	4209.0	0.0007085858585858586	0.8283256	5940000	-4.577637e-09	0.12760814	2.5229479e-08	-0.000806251	-0.050694346	-0.15387782	0.66897994	0.011547025	47777.000811100006
198	2.2586358	163.92896	0.0	0.0	0.0	4209.0	0.0007050251256281407	0.8591682	5970000	-1.2207032e-08	0.20655389	8.338136e-08	-0.0025553661	-0.073714495	-0.13776001	0.6686516	0.013244892	48068.538291692734
199	2.3791952	159.79144	0.0	0.0	0.0	4209.0	0.0007015	0.86002445	6000000	-1.2969971e-08	0.15767425	-5.0998628e-09	-0.00057974114	-0.047858335	-0.11632011	0.6682695	0.01734337	48354.971954107285
