Epoch	EpRet	EpLen	EpCostRet	EpCost	EpMaxCost	CumulativeCost	CostRate	VVals	TotalEnvInteracts	LossPi	LossV	LossCost	DeltaLossPi	DeltaLossV	DeltaLossCost	Entropy	KL	Time
0	0.18516332	879.8485	3.3691016e-05	0.54545456	0.15151516	18.0	0.0006	-0.06505941	30000	-1.3224284e-08	0.16736417	1.0259224e-06	-0.0012395416	-0.07811105	-0.054043118	0.91893816	0.015180611	140.80056381225586
1	0.19155002	927.59375	0.0	1.03125	0.15625	51.0	0.00085	-0.0030946126	60000	6.103516e-09	0.069879085	-3.1664968e-07	-0.0025919636	-0.019835245	-0.031200375	0.9175094	0.012389571	347.43517661094666
2	0.18937667	898.0303	0.00065584894	1.1515151	0.15151516	89.0	0.000988888888888889	0.013415055	90000	8.138021e-09	0.066503696	2.3119378e-07	-0.0020999457	-0.011763267	-0.1906751	0.9173028	0.012273946	564.7914776802063
3	0.23630601	922.5	0.0	0.5625	0.09375	107.0	0.0008916666666666667	0.006621356	120000	3.941854e-09	0.055298675	4.4703484e-07	-0.0016190917	-0.009290252	-0.0032682717	0.917592	0.0034557956	789.4144306182861
4	0.1034683	904.7879	2.1625626e-19	1.1212121	0.24242425	144.0	0.00096	0.047543116	150000	-1.2207032e-08	0.056325123	2.1674417e-07	-0.0009609619	-0.017461546	-0.000639771	0.9172238	0.00010547708	1009.5668151378632
5	0.32813686	914.34375	4.4819185e-20	1.0625	0.25	178.0	0.000988888888888889	0.011562259	180000	-5.5948894e-09	0.038462285	-1.1920929e-07	-0.0041918936	-0.00407907	-0.123732924	0.9171235	0.013442698	1243.5897250175476
6	1.1308185	783.0526	0.00088690425	0.8947368	0.21052632	212.0	0.0010095238095238095	0.083094485	210000	-4.0690105e-09	0.06287452	-3.011603e-07	-0.0050386167	-0.011623647	-0.024912382	0.9169163	0.009430629	1478.4306995868683
7	1.0461346	713.6585	0.049700614	0.4878049	0.14634146	232.0	0.0009666666666666667	0.15759923	240000	1.373291e-08	0.08180618	-3.7216557e-07	-0.006828984	-0.016967356	-0.08894264	0.91801226	0.017244104	1702.2396097183228
8	1.1580843	729.60974	1.8177961e-06	0.58536583	0.19512194	256.0	0.0009481481481481482	0.14622213	270000	2.0345052e-09	0.06266989	4.6520697e-08	-0.0043596067	-0.014165632	-0.095850244	0.9165704	0.012592259	1926.4770085811615
9	0.87644356	772.2105	0.0	0.55263156	0.13157895	277.0	0.0009233333333333333	0.120148726	300000	1.0172526e-08	0.046255723	-5.0193385e-08	-0.0058441195	-0.0072907396	-0.20187156	0.91763985	0.016085194	2144.7298645973206
10	1.2018535	708.7857	0.0	0.16666667	0.071428575	284.0	0.0008606060606060606	0.14204651	330000	1.525879e-09	0.054255914	1.8165225e-07	-0.005772188	-0.013739996	-0.11294626	0.9164485	0.009802628	2368.5441040992737
11	1.4033574	707.9048	0.0	0.3809524	0.14285715	300.0	0.0008333333333333334	0.1626255	360000	-5.086263e-10	0.04205727	0.0	-0.0061817584	-0.013050199	-0.2087228	0.91637635	0.009563133	2592.118035554886
12	1.5701244	643.0217	3.714933e-21	0.3478261	0.10869565	316.0	0.0008102564102564103	0.18055636	390000	2.3905436e-08	0.037264984	1.243923e-07	-0.006555866	-0.00892763	-0.3029406	0.91486156	0.013965856	2817.8224635124207
13	1.5831947	642.913	6.344796e-07	0.36956522	0.10869565	333.0	0.0007928571428571429	0.20881684	420000	1.0172526e-08	0.04040538	-9.3294226e-08	-0.0013921793	-0.010958483	-0.06887787	0.9108479	0.016019445	3040.6125020980835
14	1.6081465	620.1702	0.0	0.06382979	0.04255319	336.0	0.0007466666666666666	0.26709908	450000	8.138021e-09	0.034000006	4.0581885e-08	-0.00489198	-0.0067076217	-0.09928037	0.9103839	0.0118984375	3263.7096865177155
15	1.6249315	563.36536	1.5253777e-11	0.13461539	0.07692308	343.0	0.0007145833333333333	0.21877606	480000	-6.103516e-09	0.032994777	-3.3011804e-07	-0.008371205	-0.009253012	-0.055781733	0.90851027	0.014791484	3478.8056852817535
16	1.8885803	555.3585	3.56e-43	0.11320755	0.056603774	349.0	0.0006843137254901961	0.26276374	510000	1.1444092e-09	0.02439201	3.238894e-07	-0.007510315	-0.0065842085	-0.1610654	0.9088521	0.0113971	3696.810608625412
17	1.7673202	547.283	0.00023698196	0.33962265	0.13207547	367.0	0.0006796296296296296	0.28033945	540000	1.0172526e-08	0.028525334	-7.197542e-08	-0.00835682	-0.005682502	-0.20217586	0.90582085	0.009045995	3919.1948957443237
18	1.9935619	508.15518	0.0003664828	0.13793103	0.06896552	375.0	0.0006578947368421052	0.30349925	570000	-1.373291e-08	0.02708643	-1.3154128e-07	-0.0043348763	-0.006751666	-0.18409735	0.9021427	0.010786239	4142.169532060623
19	2.1698148	486.4754	0.0	0.22950819	0.08196721	389.0	0.0006483333333333333	0.3415864	600000	-1.3224284e-08	0.024399173	3.126801e-08	-0.007643517	-0.0059144925	-0.24880667	0.89902985	0.008498103	4374.92423415184
20	2.1702707	438.05884	1.548e-41	0.16176471	0.05882353	400.0	0.0006349206349206349	0.40518185	630000	2.5431315e-09	0.025597788	4.4878792e-07	-0.007292397	-0.005079236	-0.15822874	0.8984577	0.015367129	4601.944918394089
21	2.0101726	415.31946	7.1246544e-22	0.6111111	0.083333336	444.0	0.0006727272727272728	0.43188834	660000	2.0345052e-09	0.03948427	-2.6490953e-08	-0.0033381495	-0.009888586	-0.1389904	0.89655346	0.019424276	4839.559618711472
22	2.1529222	399.9189	1.5345076e-05	0.08108108	0.027027028	450.0	0.0006521739130434783	0.4436103	690000	3.8146974e-10	0.028676637	4.381747e-07	-0.003955386	-0.0051756036	-0.16242896	0.89329857	0.010404393	5066.939205169678
23	2.0544407	377.98734	7.946804e-05	0.088607594	0.03797468	457.0	0.0006347222222222222	0.42718926	720000	4.0690105e-09	0.034119118	-3.6215482e-08	-0.0008289551	-0.008691033	-0.12917009	0.8916223	0.016437227	5295.150780439377
24	1.9944224	452.81818	8.66697e-26	0.045454547	0.030303031	460.0	0.0006133333333333334	0.4291203	750000	-8.138021e-09	0.027410487	1.7339534e-07	-0.005647315	-0.006967986	-0.16595845	0.89196557	0.017631816	5513.60714840889
25	1.7705883	373.2125	0.0	0.1375	0.0875	471.0	0.0006038461538461538	0.36566323	780000	-1.3224284e-08	0.040580537	-2.3841858e-08	-0.00075530447	-0.013991499	-0.11105223	0.88970876	0.0114248	5747.905311584473
26	1.8794045	503.48276	0.0017433973	0.13793103	0.06896552	479.0	0.0005913580246913581	0.33555162	810000	-7.1207684e-09	0.024691146	-6.577064e-08	-0.0037351002	-0.0030548014	-0.14533645	0.88914895	0.011896727	5965.256948709488
27	1.9574591	473.80646	0.0	0.032258064	0.016129032	481.0	0.0005726190476190476	0.35480484	840000	9.536743e-09	0.040148187	9.229106e-08	-0.010426686	-0.008065134	-0.2140751	0.8862064	0.01460907	6182.166624546051
28	2.3119743	340.3793	9.040388e-23	0.09195402	0.04597701	489.0	0.0005620689655172413	0.46362898	870000	-1.0172526e-08	0.04277077	-4.3847095e-08	-0.011123997	-0.018159607	-0.25856176	0.8828512	0.015420947	6408.840674161911
29	2.1293738	372.48102	0.0	0.11392405	0.050632913	498.0	0.0005533333333333333	0.47166687	900000	1.1189779e-08	0.027370587	-1.2071827e-07	0.001982041	-0.0048472267	-0.165741	0.8834188	0.011685699	6630.082137346268
30	2.117273	320.1868	6.8918664e-34	0.032967035	0.010989011	501.0	0.0005387096774193548	0.5313721	930000	-1.0172526e-08	0.026758263	-1.5719907e-08	0.00050036114	-0.0064581037	-0.08913853	0.884321	0.009964454	6857.65718126297
31	2.0375667	428.04285	0.0	0.0	0.0	501.0	0.000521875	0.41467202	960000	-1.93278e-08	0.026968278	-4.359654e-07	-0.010440909	-0.004391942	-0.21202679	0.8854504	0.01750099	7069.510144948959
32	2.331189	284.60953	1.9292802e-10	0.18095239	0.0952381	520.0	0.0005252525252525252	0.57918227	990000	-4.0690105e-09	0.032189462	2.2706533e-07	-0.009524988	-0.008557249	-0.2872564	0.8823772	0.014065037	7300.4553508758545
33	2.3515759	255.55173	7.1259296e-13	0.112068966	0.05172414	533.0	0.0005225490196078431	0.64406824	1020000	-1.0172526e-08	0.026636643	5.754931e-08	0.0010334859	-0.008412089	-0.27577642	0.879793	0.019738803	7549.736670732498
34	2.244125	364.7073	0.0	0.5243902	0.09756097	576.0	0.0005485714285714285	0.54212147	1050000	2.0345052e-09	0.03158282	3.2564486e-07	-0.003835373	-0.00788993	-0.27004275	0.8814268	0.019001203	7767.933853626251
35	2.156662	373.9	1.3938431e-15	0.0375	0.025	579.0	0.0005361111111111111	0.4820646	1080000	-7.1207684e-09	0.04981111	-2.861023e-07	-0.0048072124	-0.012600485	-0.21350594	0.88066083	0.0143917035	7981.544900894165
36	2.045882	361.16867	4.6539884e-37	0.30120483	0.072289154	604.0	0.0005441441441441442	0.47483918	1110000	4.0690105e-09	0.051961288	1.7235078e-07	0.0041616294	-0.018896256	-0.17515703	0.8798331	0.0148024345	8201.311010837555
37	2.209786	373.175	1.2609736e-19	0.0625	0.025	609.0	0.0005342105263157895	0.5046501	1140000	-1.525879e-08	0.051011954	-2.861023e-07	-0.007046713	-0.017282423	-0.2470758	0.8760177	0.0154493265	8421.965346097946
38	1.9554629	384.20514	0.0	0.21794872	0.012820513	626.0	0.000535042735042735	0.4223219	1170000	-1.2207032e-08	0.06755615	2.9343826e-07	-0.008809294	-0.027116526	-0.2658561	0.87487143	0.018607428	8637.621987342834
39	1.6876485	357.6265	0.0	0.13253012	0.036144577	637.0	0.0005308333333333334	0.35919055	1200000	-1.525879e-09	0.09655929	-5.7450256e-07	-0.0028119227	-0.03349457	-0.25958285	0.8728135	0.01018493	8858.774119853973
40	1.6843946	481.24194	8.09186e-35	0.048387095	0.032258064	640.0	0.0005203252032520325	0.34013036	1230000	2.5431315e-09	0.16494662	9.229106e-08	-0.01590731	-0.0783741	-0.18925017	0.87094295	0.017260041	9062.243616104126
41	2.0103157	331.94446	0.0	0.033333335	0.022222223	643.0	0.0005103174603174603	0.41864535	1260000	7.1207684e-09	0.07767158	3.1789146e-08	-0.0023421063	-0.029842526	-0.10195649	0.87300366	0.008645904	9285.660829305649
42	1.7095114	350.17856	0.0	0.16666667	0.023809524	657.0	0.0005093023255813954	0.3766732	1290000	1.3224284e-08	0.07781898	2.9518492e-07	-0.01113426	-0.026635453	-0.2654075	0.8725883	0.012278568	9502.263424158096
43	2.0012999	272.8532	2.9891905e-07	0.036697246	0.018348623	661.0	0.0005007575757575757	0.45269826	1320000	2.5431315e-09	0.07711367	1.749861e-08	0.00027002845	-0.035216838	-0.18758218	0.871724	0.014321826	9736.985202550888
44	2.407676	341.30588	0.0	0.023529412	0.023529412	663.0	0.0004911111111111111	0.55796427	1350000	1.6530355e-09	0.07854367	-4.4878792e-08	-0.004919869	-0.03047593	-0.22780295	0.87120044	0.008338978	9950.223820924759
45	2.2596002	282.0	8.169389e-24	0.094339624	0.028301887	673.0	0.00048768115942028986	0.55725425	1380000	1.0172526e-08	0.051296774	2.6990784e-07	-0.0035521395	-0.017159306	-0.25646946	0.87169355	0.009615895	10185.041003704071
46	2.2424693	337.42044	0.0	0.056818184	0.022727273	678.0	0.00048085106382978723	0.5294108	1410000	-7.629395e-09	0.078154996	-8.669767e-08	-0.002568373	-0.025864221	-0.21810117	0.87034416	0.012040417	10402.591909646988
47	1.8872532	317.9785	0.0	0.0	0.0	678.0	0.00047083333333333336	0.42139703	1440000	1.525879e-09	0.08384881	1.2305475e-07	-0.00846868	-0.027333379	-0.24869713	0.8685446	0.012248366	10619.217576265335
48	1.795246	319.40216	0.0	0.04347826	0.02173913	682.0	0.0004639455782312925	0.37391585	1470000	0.0	0.101729736	-1.3475832e-07	-0.007939328	-0.028125308	-0.22088943	0.8682979	0.010107081	10843.628866434097
49	2.1144416	258.64346	3.4721e-11	0.07826087	0.034782607	691.0	0.0004606666666666667	0.52255267	1500000	-1.525879e-09	0.059700873	5.9708304e-07	-0.001087116	-0.018611748	-0.26561064	0.86512494	0.018411735	11085.13634610176
50	2.1601486	289.48544	2.10216e-40	0.21359223	0.048543688	713.0	0.0004660130718954248	0.5999453	1530000	1.4241537e-08	0.14006025	-1.1110769e-07	-0.0054286644	-0.04813534	-0.30068347	0.86234665	0.0141464155	11316.851253271103
51	2.235646	294.0392	4.18777e-40	0.04901961	0.029411765	718.0	0.00046025641025641026	0.5215084	1560000	2.0345052e-09	0.14549899	-6.357829e-07	-0.008811311	-0.06498572	-0.21147703	0.85991955	0.013140001	11542.699248790741
52	2.0548744	289.7864	0.0	0.116504855	0.029126214	730.0	0.0004591194968553459	0.47426042	1590000	4.0690105e-09	0.16115661	5.5553846e-07	-0.013377508	-0.0753598	-0.37988293	0.8562358	0.015774786	11776.59005522728
53	1.7771055	275.99066	2.457869e-23	0.009345794	0.009345794	731.0	0.00045123456790123457	0.39111763	1620000	-7.1207684e-09	0.13213313	2.4064678e-07	-0.00020084789	-0.039685316	-0.19725452	0.8519866	0.011509261	12006.290304660797
54	1.866898	270.87274	0.0	0.018181818	0.009090909	733.0	0.00044424242424242425	0.5205707	1650000	-3.051758e-09	0.10230008	1.7339532e-08	0.0012351914	-0.035704777	-0.2670173	0.85041434	0.01595848	12236.95264339447
55	2.422407	259.78262	0.0	0.35652173	0.026086956	774.0	0.0004607142857142857	0.7002889	1680000	1.7801921e-09	0.0559471	1.700028e-07	0.0024484275	-0.029054245	-0.19015299	0.8470622	0.016008599	12472.342968702316
56	1.1322504	344.62354	1.294982e-05	0.5529412	0.03529412	821.0	0.00048011695906432746	0.5753499	1710000	5.5948894e-09	0.66854703	-2.6927276e-07	-0.0042376067	-0.57918745	-0.2561232	0.8463291	0.010121786	12697.322173833847
57	1.6638981	337.86365	2.14044e-40	0.53409094	0.045454547	868.0	0.0004988505747126437	0.21484882	1740000	-1.4050801e-08	0.117201276	1.08372085e-07	-0.0045319195	-0.062058233	-0.38858002	0.84612304	0.016324772	12920.236474990845
58	1.511571	409.47946	8.3673886e-29	0.15068494	0.05479452	879.0	0.0004966101694915254	0.25387183	1770000	-8.90096e-09	0.08800346	1.3064032e-07	-0.0142094875	-0.03335522	-0.30432868	0.8499181	0.013360534	13125.855859994888
59	2.0932794	391.78946	5.866737e-28	1.0263158	0.039473683	957.0	0.0005316666666666666	0.38937852	1800000	4.577637e-09	0.07553249	-1.0038677e-07	-0.0118596535	-0.042260297	-0.27169254	0.85015845	0.016772779	13335.735362052917
60	2.472532	298.74747	4.7888097e-08	0.42424244	0.04040404	999.0	0.0005459016393442623	0.51718557	1830000	1.9073486e-08	0.05748295	5.394521e-07	-0.013364465	-0.029564207	-0.3049808	0.8508958	0.0100098	13555.4054043293
61	2.3592422	263.74338	1.1839515e-22	0.3539823	0.044247787	1039.0	0.0005586021505376344	0.6514987	1860000	-8.138021e-09	0.05282944	1.3503353e-07	-0.0021782205	-0.018380407	-0.38481534	0.84934336	0.020221354	13787.935411214828
62	2.2618537	279.32712	2.3238393e-08	0.8130841	0.056074765	1126.0	0.0005957671957671957	0.57693064	1890000	7.629395e-10	0.0900931	7.130275e-08	-0.015314775	-0.047956314	-0.2817073	0.8492755	0.020969803	14010.91551232338
63	2.4630482	290.52426	4.9278082e-08	0.34951457	0.058252428	1162.0	0.0006052083333333334	0.6269249	1920000	5.086263e-09	0.08038451	-1.6666154e-07	-0.008824038	-0.0432951	-0.28371087	0.84810835	0.011739671	14235.9023168087
64	2.4914742	302.57574	8.0888e-40	0.01010101	0.01010101	1163.0	0.0005964102564102564	0.6045025	1950000	4.577637e-09	0.04465214	5.7798445e-08	-0.0029331504	-0.01358119	-0.25363418	0.84912646	0.012070923	14455.367807149887
65	2.4982333	269.3243	7.5194495e-12	0.054054055	0.018018018	1169.0	0.0005904040404040404	0.6512966	1980000	-9.918213e-09	0.045617685	-8.591661e-08	-0.005140593	-0.019215278	-0.39032257	0.8477487	0.017828958	14684.464635848999
66	2.463334	265.33627	0.0011202324	0.17699115	0.03539823	1189.0	0.000591542288557214	0.6975712	2010000	0.0	0.03798956	-1.6879191e-07	0.00074995117	-0.014340296	-0.19743992	0.84935313	0.020580547	14913.65039563179
67	2.5531938	280.69812	1.383461e-39	0.3773585	0.03773585	1229.0	0.0006024509803921568	0.68778974	2040000	1.6530356e-08	0.035518374	2.1592626e-07	-0.0071355132	-0.010517117	-0.2849839	0.84735525	0.0104229	15139.00823044777
68	2.4743023	244.66116	0.0015899612	0.016528925	0.016528925	1231.0	0.0005946859903381643	0.6796326	2070000	6.103516e-09	0.04059136	2.2068495e-07	-0.0107763335	-0.013111936	-0.3200927	0.8465398	0.01603845	15373.008005857468
69	2.5238607	227.0303	0.0	0.053030305	0.015151516	1238.0	0.0005895238095238095	0.79993755	2100000	2.5431315e-09	0.06628125	0.0	-0.00053437654	-0.02469812	-0.18144616	0.84428686	0.012098842	15603.950224399567
70	2.5073028	249.21008	0.0	0.0	0.0	1238.0	0.0005812206572769953	0.6843384	2130000	2.7974447e-09	0.036093485	-3.1254874e-07	-0.0042254482	-0.011242727	-0.21576847	0.84202003	0.010429061	15841.380404233932
71	2.5907166	256.11966	0.0	0.025641026	0.017094018	1241.0	0.000574537037037037	0.7423247	2160000	-1.8310548e-08	0.04856483	1.7117232e-07	-0.003289236	-0.017239839	-0.23490724	0.84156615	0.013680309	16067.15157198906
72	2.5431345	218.03676	0.0	0.073529415	0.022058824	1251.0	0.0005712328767123288	0.8144176	2190000	9.155274e-09	0.048180334	-1.823201e-07	0.0018211837	-0.013195179	-0.29221594	0.840214	0.020151148	16300.847216367722
73	2.5567157	242.56097	0.0	0.0	0.0	1251.0	0.0005635135135135135	0.81867963	2220000	-1.4241537e-08	0.059250835	-1.5506899e-07	-0.01135047	-0.020138718	-0.3083405	0.8389229	0.019032206	16538.91945385933
74	2.6168983	200.89932	8.939473e-22	0.060402684	0.033557046	1260.0	0.00056	0.84978557	2250000	2.263387e-08	0.07608769	-1.1520898e-07	-0.005596872	-0.031071682	-0.26902446	0.83709115	0.013829372	16796.21680188179
75	2.5724747	206.50694	0.0	0.013888889	0.0069444445	1262.0	0.0005535087719298246	0.88896024	2280000	1.0681153e-08	0.057542555	-4.2385525e-07	7.954508e-05	-0.022868063	-0.28648308	0.834628	0.014835908	17045.52023243904
76	2.4758852	212.14185	0.0	0.0070921984	0.0070921984	1263.0	0.0005467532467532467	0.8273971	2310000	3.5603842e-09	0.046246517	-3.381824e-08	-4.395854e-05	-0.021045277	-0.111291915	0.8309033	0.012116483	17293.15407514572
77	2.4782515	210.99295	0.0	0.0	0.0	1263.0	0.0005397435897435898	0.8556093	2340000	2.0345052e-09	0.043683182	-1.1417227e-07	-0.00061101635	-0.015612042	-0.12980102	0.82586914	0.010254447	17537.84233903885
78	2.459056	225.60306	0.0	0.0	0.0	1263.0	0.0005329113924050633	0.7966416	2370000	1.1189779e-08	0.05261259	-7.2799566e-09	0.0021206208	-0.018114667	-0.19449787	0.8234439	0.014764644	17781.926540613174
79	2.5726528	251.46219	2.5078397e-19	0.008403362	0.008403362	1264.0	0.0005266666666666667	0.7722923	2400000	-6.103516e-09	0.053994175	-1.8833065e-07	0.0026363556	-0.014399771	-0.14676027	0.83411413	0.009317637	18016.42779636383
80	2.6560366	227.43512	3.128905e-39	0.030534351	0.015267176	1268.0	0.0005218106995884774	0.8609116	2430000	1.0172526e-08	0.04328417	-1.4559913e-07	-0.009749011	-0.016064163	-0.25950536	0.83593047	0.021462644	18255.009793758392
81	2.546247	225.02272	1.4624341e-09	0.053030305	0.007575758	1275.0	0.0005182926829268293	0.84575033	2460000	-5.8492025e-09	0.0867086	2.2396898e-07	-0.0024420505	-0.037557106	-0.2741735	0.8270517	0.01749764	18495.98263525963
82	2.5813193	193.14194	4.26e-43	0.12258065	0.025806451	1294.0	0.0005196787148594378	0.9344724	2490000	-3.051758e-09	0.045419507	-1.10749276e-07	0.0013354055	-0.020845557	-0.12709032	0.82261854	0.01549585	18759.446490049362
83	2.3548071	236.74603	0.0	0.06349207	0.015873017	1302.0	0.0005166666666666667	0.8678077	2520000	1.0172526e-09	0.13733841	1.8165227e-07	-0.0067412537	-0.086774215	-0.29476097	0.81957555	0.012036328	18999.900784492493
84	2.5557	203.863	0.0	0.006849315	0.006849315	1303.0	0.0005109803921568627	0.8499981	2550000	-6.103516e-09	0.053844817	1.3064032e-07	0.0023509085	-0.014528003	-0.25730276	0.8177635	0.01854218	19247.618660211563
85	2.4626148	233.4252	0.0	0.0	0.0	1303.0	0.0005050387596899225	0.77976376	2580000	-6.103516e-09	0.05260421	6.007397e-08	-0.0048533776	-0.020690437	-0.20848759	0.8123863	0.017235827	19478.0726044178
86	2.505189	212.52142	4.89607e-07	0.092857145	0.021428572	1316.0	0.0005042145593869732	0.8497245	2610000	-5.086263e-10	0.0589124	2.7247838e-08	-0.0011488323	-0.020638976	-0.21557185	0.81141865	0.015607353	19717.482391119003
87	2.4601278	226.74243	0.0	0.0	0.0	1316.0	0.0004984848484848485	0.8352252	2640000	-3.5603842e-09	0.08128996	2.8899223e-08	0.00046334026	-0.03489269	-0.21019687	0.8089431	0.010177696	19954.32609319687
88	2.5076544	201.95946	0.0	0.0	0.0	1316.0	0.0004928838951310862	0.8361757	2670000	4.577637e-09	0.05075254	-7.732495e-08	0.0009211197	-0.023966666	-0.10034917	0.8090452	0.010157001	20195.142652988434
89	2.3684406	277.74075	0.0	0.0	0.0	1316.0	0.00048740740740740743	0.73600703	2700000	-7.883708e-09	0.118138194	2.0309731e-07	-0.005158167	-0.057615228	-0.31624678	0.8108686	0.008754423	20408.381482362747
90	2.4275246	243.30081	1.8673222e-06	0.024390243	0.008130081	1319.0	0.0004831501831501831	0.7657515	2730000	-5.086263e-09	0.07966437	-1.1630174e-07	0.0028962526	-0.028626628	-0.277065	0.8108353	0.016933626	20640.929404973984
91	2.572421	239.04033	0.0	0.0	0.0	1319.0	0.0004778985507246377	0.8373334	2760000	-6.103516e-09	0.060422547	0.0	-0.0061770817	-0.024428125	-0.2951118	0.81105	0.011230293	20878.203377246857
92	2.4484723	220.10294	0.0	0.0	0.0	1319.0	0.0004727598566308244	0.8259063	2790000	-3.051758e-09	0.05790792	-1.9634471e-07	-0.0035846445	-0.019480333	-0.31542152	0.807751	0.012831754	21112.71733403206
93	2.4995825	230.2	0.0	0.0076923077	0.0076923077	1320.0	0.00046808510638297874	0.83508474	2820000	4.0690105e-09	0.05798667	-2.347506e-07	-0.0010533478	-0.018533878	-0.3441462	0.8037229	0.01579079	21358.480546474457
94	2.458616	260.11304	0.0	0.0	0.0	1320.0	0.0004631578947368421	0.77882993	2850000	8.138021e-09	0.06066657	-6.6342557e-07	-0.008792677	-0.022209749	-0.3966761	0.80550534	0.018269928	21589.21126294136
95	2.5414689	246.88333	0.0	0.033333335	0.016666668	1324.0	0.0004597222222222222	0.7874341	2880000	1.1189779e-08	0.05042205	-2.5431316e-07	0.00016379598	-0.020922687	-0.21300912	0.80341786	0.009748307	21816.600494384766
96	2.625168	261.88596	0.0	0.0	0.0	1324.0	0.0004549828178694158	0.7923387	2910000	6.103516e-09	0.045606267	1.2632001e-06	-0.009809013	-0.01714602	-0.3139504	0.8000271	0.010781154	22049.364955186844
97	2.5457606	192.33548	0.0	0.0	0.0	1324.0	0.00045034013605442177	0.9087884	2940000	5.086263e-10	0.03257373	-2.461095e-07	0.0057519204	-0.012694174	-0.22794808	0.79637176	0.009251443	22298.67650437355
98	2.455796	213.54286	0.0	0.0	0.0	1324.0	0.00044579124579124577	0.9019129	2970000	-2.2888185e-09	0.065233506	-2.7247838e-08	-0.009071918	-0.025703132	-0.30840686	0.7929516	0.011940224	22542.260993480682
99	2.5346622	242.98373	0.0	0.0	0.0	1324.0	0.00044133333333333335	0.8238558	3000000	-3.5603842e-09	0.06510158	5.5824836e-07	-0.003301224	-0.03419916	-0.24905466	0.7945832	0.010848123	22774.672750473022
100	2.5964324	258.35345	0.0	0.0	0.0	1324.0	0.000436963696369637	0.8150612	3030000	-1.0172526e-09	0.0629602	-8.056904e-07	-0.0060547	-0.02450307	-0.25878757	0.7937517	0.011445007	22996.07908630371
101	2.527472	217.15218	0.0	0.0	0.0	1324.0	0.0004326797385620915	0.8628242	3060000	4.0690105e-09	0.04436984	-8.914782e-07	-0.005198071	-0.015730131	-0.2843255	0.79465026	0.011616803	23240.5540060997
102	2.53006	235.77953	0.0	0.0	0.0	1324.0	0.0004284789644012945	0.77542543	3090000	4.83195e-09	0.045815714	-1.2014794e-07	-0.0016997608	-0.019570334	-0.31201044	0.79229647	0.011289529	23475.064900159836
103	2.529188	223.83582	0.0	0.0	0.0	1324.0	0.00042435897435897437	0.8492254	3120000	8.138021e-09	0.055218805	3.1314678e-07	-0.00056060386	-0.023242109	-0.32080287	0.7910599	0.01568297	23720.880375623703
104	2.4299622	209.65034	0.0	0.0	0.0	1324.0	0.00042031746031746033	0.91922706	3150000	0.0	0.05163017	-1.3338102e-08	-0.002809737	-0.024006061	-0.25645894	0.78998256	0.009712936	23961.258593320847
105	2.5237627	209.35252	0.0	0.0	0.0	1324.0	0.00041635220125786165	0.8537239	3180000	-3.051758e-09	0.043042578	-7.6842827e-07	-0.004809808	-0.01990828	-0.28326246	0.78539634	0.016949082	24196.312836408615
106	2.5049546	200.16891	3.05261e-36	0.013513514	0.006756757	1326.0	0.0004130841121495327	0.88498396	3210000	-2.5431315e-09	0.044666454	-1.2887492e-07	-0.0030761643	-0.017454024	-0.2897293	0.78558266	0.014609683	24439.49878001213
107	2.4281635	235.12599	0.0	0.0	0.0	1326.0	0.0004092592592592593	0.791216	3240000	1.525879e-08	0.049313676	-1.5018493e-07	0.00073389005	-0.019782783	-0.23033437	0.7856055	0.011337359	24677.426789283752
108	2.5430002	251.53781	0.0	0.0	0.0	1326.0	0.0004055045871559633	0.8081356	3270000	1.2207032e-08	0.055692326	0.0	-0.0009757914	-0.0280299	-0.2946727	0.78721356	0.012916411	24902.0328271389
109	2.5092902	246.27272	0.0	0.03305785	0.008264462	1330.0	0.000403030303030303	0.81246716	3300000	-4.577637e-09	0.0633051	-6.3052845e-08	0.010775788	-0.030748699	-0.32897684	0.7826835	0.012677663	25123.803597927094
110	2.413012	211.06339	0.0	0.0	0.0	1330.0	0.0003993993993993994	0.8277983	3330000	7.3750814e-09	0.04441872	-2.1491252e-07	0.0002009674	-0.016692258	-0.19534074	0.7841576	0.01575766	25358.064657449722
111	2.543105	211.69504	0.0	0.0	0.0	1330.0	0.0003958333333333333	0.87652594	3360000	1.4750163e-08	0.039851617	5.410918e-08	-0.0013513335	-0.017824	-0.22957087	0.78785485	0.013211699	25591.91235756874
112	2.568528	227.51909	0.0	0.0	0.0	1330.0	0.00039233038348082596	0.8668587	3390000	1.3224284e-08	0.05148342	2.9119827e-08	-0.0049720122	-0.022106217	-0.17783093	0.79244834	0.015977697	25828.171899318695
113	2.4869187	226.87692	0.0	0.0	0.0	1330.0	0.00038888888888888887	0.8086485	3420000	4.0690105e-09	0.051182337	1.4671913e-08	0.0008277557	-0.020455953	-0.23531878	0.7929137	0.011278538	26055.022578954697
114	2.6139812	234.82677	0.0	0.0	0.0	1330.0	0.0003855072463768116	0.83058566	3450000	0.0	0.062334705	2.2152277e-07	-0.0015264358	-0.04283583	-0.20649745	0.79421306	0.010319319	26292.289569616318
115	2.5044122	228.94656	0.0	0.0	0.0	1330.0	0.00038218390804597703	0.8150883	3480000	1.0172526e-08	0.041891042	-8.735948e-08	-0.00019144083	-0.023262473	-0.32480845	0.7959776	0.014286694	26538.56647992134
116	2.495926	210.08511	0.0	0.0	0.0	1330.0	0.0003789173789173789	0.86430293	3510000	3.051758e-09	0.03230581	-7.440012e-08	-0.0019713491	-0.014199479	-0.13548447	0.8019393	0.012057319	26776.759499788284
117	2.505272	267.55356	0.0	0.0	0.0	1330.0	0.00037570621468926556	0.78865653	3540000	1.2207032e-08	0.07714472	5.10897e-08	-0.0013534871	-0.04675469	-0.18310808	0.8003773	0.012117771	26995.320343017578
118	2.368257	210.38849	0.0	0.0	0.0	1330.0	0.00037254901960784314	0.8094177	3570000	5.086263e-09	0.043285344	0.0	0.0011967748	-0.020797193	-0.1365258	0.7985477	0.015397659	27237.083825588226
119	2.516613	269.4818	0.0	0.0	0.0	1330.0	0.00036944444444444443	0.75958794	3600000	5.086263e-09	0.050251383	-5.20186e-08	0.0004804377	-0.023912622	-0.24467713	0.7910577	0.011194055	27454.18085026741
120	2.3270366	299.0	0.0	0.0	0.0	1330.0	0.00036639118457300275	0.63126296	3630000	5.086263e-10	0.07868347	-9.536743e-09	-0.0064304955	-0.051544182	-0.3257354	0.79134846	0.01590588	27670.16553592682
121	2.374456	252.74783	0.0	0.0	0.0	1330.0	0.0003633879781420765	0.6391709	3660000	-1.0172526e-08	0.042904463	1.8244204e-07	0.0022612836	-0.017233318	-0.17849314	0.7890018	0.009563741	27899.406356334686
122	2.375066	266.05356	0.0	0.0	0.0	1330.0	0.00036043360433604335	0.68942124	3690000	5.3405764e-09	0.04380524	2.554485e-07	0.0012685872	-0.018529268	-0.22435652	0.7899965	0.013135427	28130.30749821663
123	2.438981	315.0	0.0	0.0	0.0	1330.0	0.0003575268817204301	0.64121073	3720000	1.2207032e-08	0.06329947	2.0290942e-08	0.0018043619	-0.033222094	-0.28571332	0.78223515	0.01112297	28338.43903851509
124	2.3636887	264.86487	0.0	0.0	0.0	1330.0	0.00035466666666666665	0.66868913	3750000	-5.086263e-09	0.045786157	1.546499e-07	-0.0005440613	-0.020088155	-0.25687456	0.7797072	0.0150108	28555.863629579544
125	2.4006984	325.13043	0.0	0.0	0.0	1330.0	0.00035185185185185184	0.58847684	3780000	5.086263e-10	0.048981663	-1.03660255e-07	0.00042619478	-0.020217154	-0.31548414	0.7808619	0.009983178	28763.11495614052
126	2.3397357	354.9634	0.0	0.0	0.0	1330.0	0.00034908136482939635	0.51141024	3810000	-8.138021e-09	0.04702658	1.0467157e-07	-0.0017394389	-0.019541955	-0.19125985	0.7817496	0.010418941	28973.334357500076
127	2.3069372	365.01236	0.0	0.0	0.0	1330.0	0.0003463541666666667	0.4888614	3840000	4.0690105e-09	0.06515655	1.1773757e-08	-0.0025974172	-0.031621758	-0.28897882	0.7818185	0.011918966	29178.669093370438
128	2.198045	308.1031	0.0	0.0	0.0	1330.0	0.00034366925064599485	0.5301026	3870000	1.7801921e-09	0.060540207	1.5484918e-07	0.0031396395	-0.028822135	-0.16175596	0.7831129	0.01741877	29382.92233133316
129	2.1163316	292.70587	0.0	0.0	0.0	1330.0	0.00034102564102564105	0.5585717	3900000	-5.8492025e-09	0.05928837	-9.349748e-08	0.00086875353	-0.02545945	-0.22368947	0.7804944	0.015877713	29599.806178092957
130	2.1623306	269.65765	0.0	0.0	0.0	1330.0	0.00033842239185750636	0.6084981	3930000	5.3405764e-09	0.09896764	-2.5774982e-08	0.007565414	-0.04786983	-0.15898164	0.78127515	0.011266318	29824.200277090073
131	1.9124421	338.29886	0.0	0.0	0.0	1330.0	0.00033585858585858584	0.47401607	3960000	-7.883708e-09	0.11617915	4.3847095e-08	-0.0013044258	-0.03597758	-0.3046838	0.7768357	0.015394461	30024.497829198837
132	2.1810808	317.15958	0.0	0.0	0.0	1330.0	0.0003333333333333333	0.53427684	3990000	1.2715658e-08	0.113669515	1.3189113e-07	0.0025730124	-0.04638128	-0.24335906	0.7774996	0.014060153	30244.906126737595
133	1.6510195	433.44928	0.0	0.0	0.0	1330.0	0.0003308457711442786	0.34518304	4020000	4.0690105e-09	0.25976858	9.6749574e-08	-0.010634165	-0.09582779	-0.6352837	0.77670264	0.014612155	30440.692069530487
134	2.3924897	317.5914	0.0	0.0	0.0	1330.0	0.00032839506172839506	0.5500094	4050000	-4.577637e-09	0.19448815	-1.3330931e-07	-0.002674777	-0.09576766	-0.236605	0.7798423	0.008893584	30654.82407617569
135	2.3080592	305.35715	0.0	0.0	0.0	1330.0	0.0003259803921568627	0.610168	4080000	-1.4241537e-08	0.16547184	9.73137e-08	0.0040582735	-0.06318618	-0.1883407	0.7798327	0.010830539	30876.211975336075
136	1.7781872	396.83783	0.0	0.0	0.0	1330.0	0.00032360097323600975	0.46838355	4110000	7.1207684e-09	0.2439413	-7.732495e-08	0.0020038076	-0.06972496	-0.28861007	0.77981395	0.011017105	31084.73828983307
137	1.5386322	460.8154	0.0	0.0	0.0	1330.0	0.000321256038647343	0.29556036	4140000	1.4241537e-08	0.37229097	-7.3359566e-08	-0.002373083	-0.10587457	-0.5015852	0.7797439	0.011797245	31286.398273706436
138	1.57979	393.92	0.0	0.026666667	0.013333334	1332.0	0.00031942446043165467	0.37802988	4170000	1.2207032e-08	0.28424907	1.780192e-07	-0.0024098419	-0.050313264	-0.27557775	0.78346914	0.0080390135	31484.929689884186
139	1.6666718	373.28204	0.0	0.0	0.0	1332.0	0.00031714285714285715	0.32980722	4200000	-9.6639e-09	0.3290702	-2.445319e-07	-0.010280246	-0.057294667	-0.32431504	0.78366953	0.019427389	31683.610682487488
140	1.5341504	416.65277	0.0	0.0	0.0	1332.0	0.0003148936170212766	0.31809205	4230000	1.4241537e-08	0.2226691	7.947286e-08	-0.014283699	-0.0666503	-0.334513	0.7876958	0.0139832795	31887.098922252655
141	1.402192	332.89886	0.0	0.0	0.0	1332.0	0.00031267605633802817	0.3627396	4260000	7.629395e-10	0.39814496	-8.5723535e-08	-0.007551922	-0.09556374	-0.51912624	0.7925606	0.016453652	32105.80765771866
142	0.6594254	327.84616	0.0	0.0	0.0	1332.0	0.0003104895104895105	0.2402722	4290000	-2.339681e-08	0.35904905	2.0959875e-07	-0.008132825	-0.18006298	-0.2824793	0.7897184	0.008326983	32319.822125434875
143	-0.023552006	299.09	0.0	0.0	0.0	1332.0	0.0003083333333333333	0.039669283	4320000	9.6639e-09	0.47682655	-2.670288e-07	-0.008922595	-0.3701684	-0.38597605	0.7954941	0.009536492	32546.48428583145
144	-0.08232671	295.1188	0.0	0.0	0.0	1332.0	0.00030620689655172414	0.032514866	4350000	5.5948894e-09	0.39904502	-3.0215423e-07	-0.011669848	-0.32829064	-0.25869352	0.798942	0.015978172	32766.188138246536
145	0.7421809	251.86554	0.0	0.0	0.0	1332.0	0.0003041095890410959	-0.14053564	4380000	7.1207684e-09	0.14503749	2.2439397e-07	-0.01094455	-0.05833018	-0.3366099	0.7987251	0.01100356	32997.656061172485
146	1.129861	230.7	0.0	0.0	0.0	1332.0	0.0003020408163265306	0.1248913	4410000	-8.138021e-09	0.11610928	-2.347506e-07	-0.006689426	-0.044196375	-0.33609313	0.79980004	0.012147477	33235.31291484833
147	1.3822504	231.29457	0.0	0.0	0.0	1332.0	0.0003	0.2514324	4440000	1.525879e-08	0.2873016	5.9142593e-08	0.0016869354	-0.19377829	-0.33990487	0.80079556	0.012310315	33470.76901435852
148	1.0657651	243.21487	0.0	0.0	0.0	1332.0	0.0002979865771812081	0.078864194	4470000	-8.138021e-09	0.16662501	4.728963e-08	0.00033129682	-0.05204189	-0.39316052	0.8006175	0.019776005	33699.36782217026
149	0.95946074	262.64035	0.0	0.0	0.0	1332.0	0.000296	-0.05486302	4500000	1.6276042e-08	0.29573694	-7.194385e-07	0.0020302364	-0.13316011	-0.35446206	0.7992624	0.018097717	33922.7687163353
150	0.97262305	245.33333	0.0	0.0	0.0	1332.0	0.00029403973509933775	0.050006032	4530000	-1.0172526e-09	0.2071617	-2.3444495e-07	-0.0070628272	-0.030552149	-0.360622	0.7973008	0.010499461	34151.10496234894
151	0.6180159	317.51086	0.0	0.0	0.0	1332.0	0.00029210526315789475	-0.11936114	4560000	2.0345052e-09	0.34269112	4.457391e-07	-0.010482491	-0.08966997	-0.3903318	0.7985358	0.013878646	34362.344840049744
152	0.97131497	278.18692	0.0	0.0	0.0	1332.0	0.00029019607843137256	0.08304489	4590000	3.5603842e-09	0.22647443	-2.5847248e-07	-0.005580369	-0.058906168	-0.30393633	0.79530466	0.012815033	34579.910262823105
153	1.4207326	241.44354	0.0	0.0	0.0	1332.0	0.0002883116883116883	0.3172472	4620000	5.086263e-10	0.2083015	-3.6916424e-07	1.1252849e-05	-0.079051256	-0.2926061	0.7947592	0.011496762	34806.88555955887
154	1.0474981	290.6699	0.0	0.0	0.0	1332.0	0.0002864516129032258	0.10564366	4650000	-1.4241537e-08	0.21426094	-1.3425512e-07	-0.008807268	-0.0764385	-0.30792528	0.7941219	0.017937306	35016.39198112488
155	1.6374503	235.34645	0.0	0.0	0.0	1332.0	0.0002846153846153846	0.40129197	4680000	-3.051758e-09	0.1559154	3.6795308e-07	-0.0006500153	-0.052775107	-0.3019312	0.795049	0.0089786565	35248.611938238144
156	1.464753	258.92105	0.0	0.0	0.0	1332.0	0.0002828025477707006	0.31479403	4710000	6.103516e-09	0.16385111	-1.5058015e-07	0.0018846111	-0.048761263	-0.35835978	0.79525924	0.01848966	35470.4548125267
157	1.6739361	230.54616	0.0	0.0	0.0	1332.0	0.0002810126582278481	0.3357718	4740000	8.138021e-09	0.15253599	2.714304e-07	0.00115071	-0.04326774	-0.3108329	0.7919159	0.012633688	35710.21844792366
158	1.7698225	312.40625	0.0	0.0	0.0	1332.0	0.0002792452830188679	0.34857118	4770000	8.138021e-09	0.12803279	1.8874805e-07	-0.0077331173	-0.042941153	-0.32179147	0.7915535	0.0109413685	35929.62599539757
159	2.078683	236.296	0.0	0.0	0.0	1332.0	0.0002775	0.50790936	4800000	9.6639e-09	0.086735725	-2.1362305e-07	0.00083098374	-0.027437132	-0.35074538	0.7923406	0.01681878	36156.238921403885
160	1.190882	290.84	0.0	0.01	0.01	1333.0	0.00027598343685300206	0.14164153	4830000	6.103516e-09	0.12710074	3.0517577e-07	-0.009480137	-0.037602723	-0.37736028	0.7896219	0.017926214	36373.75349020958
161	1.6279393	238.696	0.0	0.0	0.0	1333.0	0.0002742798353909465	0.3292815	4860000	-1.0172526e-08	0.11035108	-5.722046e-09	0.00028879804	-0.056018084	-0.1037208	0.78825027	0.010518383	36600.19746375084
162	1.7156097	282.3302	0.0	0.0	0.0	1333.0	0.00027259713701431495	0.33796254	4890000	7.1207684e-09	0.18041484	-7.647388e-08	-0.0017066253	-0.065731704	-0.078023866	0.7886285	0.014827828	36824.83984708786
163	1.8591019	219.44444	0.0	0.0	0.0	1335.0	0.00027134146341463417	0.44136882	4920000	-1.1062622e-08	0.117491886	5.6514033e-08	-0.0029002393	-0.03746981	-0.15440385	0.7880926	0.015752878	37062.14071059227
164	0.57438314	288.64706	0.0	0.0	0.0	1335.0	0.0002696969696969697	0.0013065186	4950000	-2.5431315e-09	0.105555244	-5.6098493e-08	-0.010660532	-0.03366877	-0.30893365	0.78841114	0.011099581	37277.44542312622
165	1.6902211	273.3084	0.0	0.0	0.0	1335.0	0.0002680722891566265	0.30137756	4980000	-1.0172526e-09	0.13828318	-1.426055e-07	-0.0146841565	-0.047001354	-0.3274158	0.7878751	0.016559502	37491.85351753235
166	1.8333122	237.72223	0.0	0.0	0.0	1335.0	0.0002664670658682635	0.4252518	5010000	-8.138021e-09	0.11586466	8.3257284e-08	0.0013445191	-0.043265127	-0.3272702	0.78888947	0.012081998	37723.433028936386
167	1.9092188	257.66956	4.1719756e-26	0.017391304	0.008695652	1337.0	0.0002652777777777778	0.41142824	5040000	-3.5603842e-09	0.16691373	-1.9902768e-07	-0.013172826	-0.05557081	-0.43473423	0.7946077	0.017054837	37941.96413111687
168	1.8135991	233.3622	0.0	0.0	0.0	1337.0	0.0002637080867850099	0.43048108	5070000	-2.6702882e-09	0.11622315	-7.884709e-08	-0.002701016	-0.025161088	-0.069908164	0.79516786	0.012705289	38174.853266716
169	2.1266098	225.17293	0.0	0.0	0.0	1337.0	0.00026215686274509806	0.61098236	5100000	2.0345052e-09	0.08147956	-3.585242e-08	-0.0049764747	-0.030548282	-0.12776658	0.7942915	0.017347274	38413.81775188446
170	2.0850983	263.625	0.0	0.0	0.0	1337.0	0.00026062378167641324	0.4494974	5130000	8.138021e-09	0.14573945	-8.5149495e-08	-0.0025488313	-0.061289996	-0.15024354	0.7943395	0.011959357	38630.09426355362
171	2.2008522	207.3916	3.8833764e-17	0.006993007	0.006993007	1338.0	0.00025930232558139533	0.67414635	5160000	-1.4241537e-08	0.12182486	-5.1685145e-08	-0.0074853157	-0.039055914	-0.2827294	0.7942086	0.017907964	38871.11233496666
172	2.2212315	228.96184	0.0	0.0	0.0	1338.0	0.0002578034682080925	0.679856	5190000	1.2715658e-08	0.12564415	-1.4559913e-08	0.0011330183	-0.07306932	-0.10564005	0.7946376	0.011397833	39106.5757496357
173	2.0719187	231.77519	0.0	0.0	0.0	1338.0	0.0002563218390804598	0.5572745	5220000	-1.525879e-08	0.086870864	-9.703082e-09	-0.0010148445	-0.039138157	-0.1610622	0.7940897	0.017192371	39331.98101878166
174	2.3349495	210.9155	0.0	0.0	0.0	1338.0	0.0002548571428571429	0.7383795	5250000	-5.086263e-09	0.075877525	2.3506058e-08	-0.0043256767	-0.03567039	-0.08129873	0.7933094	0.013552055	39573.43630886078
175	2.195574	210.2183	0.0	0.014084507	0.0070422534	1340.0	0.0002537878787878788	0.65406686	5280000	3.8146974e-09	0.12118144	1.3432032e-07	-0.0003568817	-0.047109798	-0.19275293	0.7926912	0.01802244	39812.67833709717
176	2.3602285	234.07143	0.0	0.0	0.0	1340.0	0.00025235404896421847	0.7083443	5310000	5.086263e-09	0.08282717	1.5137688e-08	-0.0010408069	-0.041221872	-0.2675278	0.79214114	0.014735289	40044.919384241104
177	2.2002504	221.9037	0.0	0.0074074073	0.0074074073	1341.0	0.000251123595505618	0.6560225	5340000	-9.155274e-09	0.102607355	3.6734122e-07	0.0005865387	-0.07893039	-0.2426401	0.7905944	0.011270567	40279.140506744385
178	2.294324	221.28787	0.0	0.007575758	0.007575758	1342.0	0.0002499068901303538	0.72184616	5370000	1.2715657e-09	0.0868032	7.766666e-08	0.00065405323	-0.056450065	-0.19137914	0.790537	0.014816683	40509.80593729019
179	2.0821946	248.64166	0.0	0.008333334	0.008333334	1343.0	0.00024870370370370373	0.5233929	5400000	6.103516e-09	0.08178726	3.973643e-08	-0.0029545368	-0.04615642	-0.16630292	0.7882373	0.01633242	40733.83314085007
180	2.174483	238.68	0.0	0.0	0.0	1343.0	0.00024732965009208104	0.6238747	5430000	-7.629395e-10	0.06982438	1.525879e-08	-0.00012987545	-0.038746845	-0.284565	0.78814256	0.01558576	40959.99320721626
181	2.2408574	203.17809	0.0	0.0	0.0	1343.0	0.000245970695970696	0.7007801	5460000	2.5431315e-09	0.03797273	-1.9596047e-08	-0.0014275843	-0.018567123	-0.261224	0.7866266	0.012271518	41204.51551938057
182	2.089428	282.1698	0.0	0.0	0.0	1343.0	0.00024462659380692167	0.51092607	5490000	-1.2715658e-08	0.10209294	9.8966204e-08	0.00092961016	-0.052628398	-0.27887163	0.7868638	0.019401012	41423.24645614624
183	2.324155	219.76866	0.0	0.0	0.0	1343.0	0.00024329710144927537	0.6949961	5520000	8.138021e-09	0.053110998	1.281055e-07	0.001369042	-0.033808623	-0.331483	0.7868176	0.01534599	41662.016102313995
184	2.2412145	222.60448	0.0	0.0	0.0	1343.0	0.00024198198198198198	0.78761184	5550000	2.5431315e-09	0.20473422	5.693578e-08	-0.0011394802	-0.14992708	-0.31151903	0.79068464	0.0165062	41897.11949157715
185	2.4439266	251.38655	0.0	0.0	0.0	1343.0	0.0002406810035842294	0.7163595	5580000	2.0345052e-09	0.037810355	-8.01407e-09	0.0015015844	-0.014511688	-0.24023296	0.7914466	0.008735884	42120.785674095154
186	1.9121704	248.56667	0.0	0.0	0.0	1343.0	0.0002393939393939394	0.5471532	5610000	0.0	0.06712793	4.768372e-08	0.0055452203	-0.036824457	-0.4403898	0.79143625	0.013544695	42354.26232004166
187	2.0629718	259.25662	0.0	0.0	0.0	1343.0	0.0002381205673758865	0.5156274	5640000	-5.5948894e-09	0.041596264	2.5318787e-08	0.0021555186	-0.016929507	-0.31001297	0.7906882	0.011197349	42573.577662706375
188	2.2742078	262.1491	0.0	0.04385965	0.00877193	1348.0	0.00023774250440917108	0.6265538	5670000	0.0	0.034271542	-8.365564e-08	0.008601445	-0.017219184	-0.36394206	0.7907603	0.017048355	42800.894206523895
189	2.132211	242.85	0.0	0.0	0.0	1348.0	0.00023649122807017543	0.5858744	5700000	8.646647e-09	0.033675022	1.03314726e-07	0.00082495064	-0.01088419	-0.5158417	0.79473084	0.010844014	43023.85872960091
190	2.1229458	314.62106	0.0	0.0	0.0	1348.0	0.00023525305410122165	0.54249364	5730000	1.0172526e-08	0.058922958	4.015471e-08	-0.015378171	-0.029896447	-0.4173453	0.7957843	0.013053996	43231.348022937775
191	2.1315668	286.8846	0.0	0.0	0.0	1348.0	0.00023402777777777777	0.5240793	5760000	-8.646647e-09	0.040149212	-3.6679783e-08	-0.0070386967	-0.020507488	-1.5015453	0.7956987	0.017000344	43446.3421061039
192	2.3212862	258.2931	0.0	0.0	0.0	1348.0	0.00023281519861830742	0.6295601	5790000	1.2715657e-09	0.04220316	3.0007857e-07	0.00010687459	-0.014732774	-0.28375605	0.7921368	0.0091919275	43672.480452775955
193	2.1364987	305.8	0.0	0.0	0.0	1348.0	0.0002316151202749141	0.5413551	5820000	-1.525879e-08	0.040409938	-2.0077355e-08	-0.011079538	-0.014665639	-0.33303905	0.7905134	0.018569745	43879.17225050926
194	2.0959074	263.63065	0.0	0.0	0.0	1348.0	0.00023042735042735042	0.53705525	5850000	0.0	0.043190356	4.2958304e-09	0.00020002645	-0.020037591	-0.2213483	0.78919303	0.011985255	44103.28194189072
195	1.9028227	268.86487	0.0	0.0	0.0	1348.0	0.0002292517006802721	0.46624675	5880000	-6.103516e-09	0.044872843	-1.2028325e-07	0.0019807885	-0.024716292	-0.26374945	0.78799623	0.011103402	44318.52815699577
196	2.2371879	293.24753	0.0	0.0	0.0	1348.0	0.000228087986463621	0.57838166	5910000	5.5948894e-09	0.04282232	-1.4163479e-08	-0.0037341819	-0.020956106	-0.21794462	0.7864151	0.012412453	44530.420555114746
197	2.1551673	281.5096	0.0	0.0	0.0	1348.0	0.00022693602693602693	0.57096636	5940000	7.883708e-09	0.042078167	7.3359566e-08	0.046228282	-0.019440431	-8.952394	0.7852618	0.01080078	44740.73269057274
198	2.0923743	312.7447	0.0	0.0	0.0	1348.0	0.0002257956448911223	0.5658841	5970000	4.0690105e-09	0.10159618	3.145096e-07	-0.010692325	-0.08010232	-0.45460793	0.78554606	0.017818881	44940.35843014717
199	2.2322857	285.26666	0.0	0.0	0.0	1348.0	0.00022466666666666666	0.5589494	6000000	0.0	0.041562367	3.1789146e-08	-0.001537911	-0.021057174	-0.3076526	0.78421915	0.016184038	45142.840500593185
